scorer,DLC_resnet152_t-rest-colorJul19shuffle1_750000,DLC_resnet152_t-rest-colorJul19shuffle1_750000,DLC_resnet152_t-rest-colorJul19shuffle1_750000,DLC_resnet152_t-rest-colorJul19shuffle1_750000,DLC_resnet152_t-rest-colorJul19shuffle1_750000,DLC_resnet152_t-rest-colorJul19shuffle1_750000,DLC_resnet152_t-rest-colorJul19shuffle1_750000,DLC_resnet152_t-rest-colorJul19shuffle1_750000,DLC_resnet152_t-rest-colorJul19shuffle1_750000,DLC_resnet152_t-rest-colorJul19shuffle1_750000,DLC_resnet152_t-rest-colorJul19shuffle1_750000,DLC_resnet152_t-rest-colorJul19shuffle1_750000,DLC_resnet152_t-rest-colorJul19shuffle1_750000,DLC_resnet152_t-rest-colorJul19shuffle1_750000,DLC_resnet152_t-rest-colorJul19shuffle1_750000,DLC_resnet152_t-rest-colorJul19shuffle1_750000,DLC_resnet152_t-rest-colorJul19shuffle1_750000,DLC_resnet152_t-rest-colorJul19shuffle1_750000,DLC_resnet152_t-rest-colorJul19shuffle1_750000,DLC_resnet152_t-rest-colorJul19shuffle1_750000,DLC_resnet152_t-rest-colorJul19shuffle1_750000,DLC_resnet152_t-rest-colorJul19shuffle1_750000,DLC_resnet152_t-rest-colorJul19shuffle1_750000,DLC_resnet152_t-rest-colorJul19shuffle1_750000
bodyparts,base2,base2,base2,base3,base3,base3,base4,base4,base4,base5,base5,base5,tip2,tip2,tip2,tip3,tip3,tip3,tip4,tip4,tip4,tip5,tip5,tip5
coords,x,y,likelihood,x,y,likelihood,x,y,likelihood,x,y,likelihood,x,y,likelihood,x,y,likelihood,x,y,likelihood,x,y,likelihood
0,4.338700771331787,2.6642353534698486,3.646375489552156e-06,1.021453857421875,0.0,9.330299235443817e-07,137.48167419433594,0.0,4.22237053498975e-06,155.96755981445312,4.01870584487915,1.9361265003681183e-05,259.086669921875,712.408935546875,0.000801105925347656,4.83033561706543,1.9001476764678955,2.449267230986152e-05,0.0,3.5393710136413574,6.23951427769498e-06,155.6879119873047,1.332444667816162,3.1707020298199495e-06
1,4.81103515625,2.8795931339263916,5.9988810789946e-06,271.3134460449219,1.607513189315796,6.764965746697271e-06,137.8566436767578,0.0,1.1145531061629299e-05,156.29832458496094,4.069397449493408,1.6120322470669635e-05,259.086669921875,712.7693481445312,0.001860350021161139,259.2037658691406,715.419189453125,8.175232505891472e-05,0.0,3.600827693939209,1.054239328368567e-05,155.6879119873047,1.332444667816162,6.8951494540669955e-06
2,4.81103515625,3.041632652282715,3.871109129249817e-06,271.3134460449219,1.607513189315796,1.1289757821941748e-06,137.8566436767578,0.1278672218322754,5.847001375514083e-06,156.49815368652344,4.069397449493408,2.913243224611506e-05,259.5970764160156,713.0389404296875,0.00016145617701113224,259.2037658691406,715.419189453125,1.825373874453362e-05,-2.1094446182250977,3.600827693939209,7.880321390985046e-06,155.6879119873047,1.332444667816162,4.565373728837585e-06
3,4.7736005783081055,3.041632652282715,4.2498131733736955e-06,270.62066650390625,709.52490234375,1.3430667422653642e-06,137.8566436767578,0.13737988471984863,5.146836883795913e-06,156.49815368652344,4.085920810699463,1.8534257833380252e-05,259.93743896484375,713.59228515625,0.00023274941486306489,259.2037658691406,716.5670776367188,2.5168206775560975e-05,-2.5185470581054688,3.600827693939209,5.756500740972115e-06,3.01906681060791,-0.8808860778808594,3.891378582920879e-06
4,4.7736005783081055,3.092505931854248,5.996073468850227e-06,270.62066650390625,709.52490234375,2.534769009798765e-06,137.5701904296875,0.13737988471984863,8.047157280088868e-06,156.33938598632812,4.069397449493408,1.5925756088108756e-05,259.93743896484375,713.0389404296875,6.914959521964192e-05,259.2037658691406,715.2176513671875,3.751357508008368e-05,-2.1094446182250977,3.600827693939209,1.8053162420983426e-05,3.01906681060791,-0.8808860778808594,6.849853889434598e-06
5,4.7736005783081055,3.041632652282715,2.951234819192905e-06,270.62066650390625,709.52490234375,1.8904263470176375e-06,137.5701904296875,0.13737988471984863,5.173015324544394e-06,156.49815368652344,4.069397449493408,1.1178656677657273e-05,260.8774719238281,713.7537231445312,0.0004845751100219786,265.3753356933594,716.5670776367188,4.110802910872735e-05,-2.1094446182250977,3.8755111694335938,4.8154684009205084e-06,3.01906681060791,-0.8808860778808594,2.7889605007658247e-06
6,4.203824996948242,3.109055519104004,4.615537818608573e-06,270.62066650390625,716.2670288085938,3.6635665310313925e-06,0.6328949928283691,0.3713042736053467,5.021684046369046e-06,156.4107666015625,4.085920810699463,7.531968094554031e-06,260.8774719238281,713.7537231445312,0.0014923575799912214,265.3753356933594,716.8037109375,0.00016233004862442613,-2.022284507751465,3.8755111694335938,1.025593974190997e-05,3.01906681060791,-0.8808860778808594,5.1456345318001695e-06
7,4.464454650878906,2.8306005001068115,4.041367446916411e-06,270.62066650390625,716.4117431640625,9.878481250780169e-07,137.5701904296875,0.7285265922546387,6.119999397924403e-06,156.33938598632812,4.085920810699463,1.9842789697577246e-05,259.93743896484375,712.8494873046875,0.00014175669639371336,265.3753356933594,717.4912109375,5.1416609494481236e-05,2.486945152282715,716.1093139648438,1.325714220001828e-05,3.1295480728149414,-0.6491198539733887,3.6222627386450768e-06
8,4.464454650878906,3.3222928047180176,5.236230208538473e-06,270.3717346191406,717.1923217773438,1.8950311186927138e-06,152.75607299804688,0.7285265922546387,6.457597464759601e-06,156.4107666015625,4.198404788970947,1.5595493096043356e-05,259.775146484375,712.8494873046875,0.0009631403372623026,264.9036865234375,716.963134765625,4.724144673673436e-05,2.5233383178710938,716.1093139648438,8.589971912442707e-06,3.1295480728149414,-0.6491198539733887,5.8668242672865745e-06
9,5.019042015075684,2.8306005001068115,2.7736825813917676e-06,270.3717346191406,716.908447265625,4.050995357829379e-06,152.75607299804688,-0.003013134002685547,5.492232958204113e-06,156.4107666015625,4.2143874168396,1.0419264071970247e-05,259.775146484375,712.8494873046875,0.00025929688126780093,264.9036865234375,716.963134765625,0.00020923512056469917,169.52943420410156,714.5633544921875,1.4490702596958727e-05,3.3029966354370117,-1.0053958892822266,2.8928004667250207e-06
10,4.464454650878906,2.8306005001068115,2.453389697620878e-06,270.3717346191406,717.1923217773438,2.5755646220204653e-06,152.97154235839844,0.9960212707519531,3.6982414712838363e-06,156.4107666015625,4.2143874168396,1.164975947176572e-05,259.60400390625,712.8328857421875,0.0001704815513221547,264.5467224121094,716.8037109375,3.6138968425802886e-05,169.9727783203125,3.850969076156616,1.3058946024102625e-05,3.0127296447753906,-1.0602779388427734,2.582653451099759e-06
11,4.675678253173828,2.8306005001068115,3.409246346564032e-06,270.3717346191406,717.1923217773438,1.9507010620145593e-06,152.97154235839844,-0.015363216400146484,4.571961198962526e-06,156.471435546875,4.2143874168396,1.3830062016495503e-05,259.775146484375,712.8328857421875,0.0004438559990376234,264.5467224121094,716.376953125,3.54767580574844e-05,262.0047302246094,714.5633544921875,5.84008512305445e-06,3.3029966354370117,-1.0602779388427734,3.0928285923437215e-06
12,4.675678253173828,3.098693370819092,2.155800984837697e-06,271.0596923828125,717.1923217773438,9.363280355501047e-07,152.42140197753906,-0.015363216400146484,3.772067202589824e-06,156.7567138671875,4.3291215896606445,1.273832458537072e-05,259.9073486328125,712.8328857421875,0.00010156192001886666,264.5467224121094,716.376953125,1.4167050721880514e-05,266.3492126464844,714.5633544921875,5.147799129190389e-06,3.0127296447753906,-1.0602779388427734,2.178963086407748e-06
13,4.3996968269348145,3.098693370819092,2.8138090328866383e-06,271.0596923828125,716.9533081054688,4.169061412540032e-06,137.36373901367188,0.7777619361877441,4.7020216698001605e-06,156.7567138671875,4.3291215896606445,2.0812642105738632e-05,260.36944580078125,712.8328857421875,0.001653936575166881,264.4986877441406,716.3241577148438,0.00015840691048651934,266.3492126464844,714.5633544921875,1.1494915270304773e-05,3.0127296447753906,-1.0602779388427734,5.861930276296334e-06
14,4.3996968269348145,3.098693370819092,4.705376795755001e-06,251.90731811523438,716.9533081054688,2.4217149530159077e-06,0.7461059093475342,0.7777619361877441,6.605723228858551e-06,156.7567138671875,4.1211771965026855,1.3522221706807613e-05,260.36944580078125,712.5176391601562,0.0007585941930301487,264.4986877441406,716.3241577148438,8.769370469963178e-05,169.9727783203125,4.104677200317383,1.2087979484931566e-05,2.7343239784240723,-1.0602779388427734,6.165757895360002e-06
15,4.441821575164795,3.098693370819092,3.452714054219541e-06,271.0596923828125,716.9533081054688,1.2038760814903071e-06,0.5393123626708984,0.7777619361877441,4.645150511350948e-06,156.27430725097656,4.1211771965026855,1.4106559319770895e-05,260.36944580078125,713.0020141601562,8.078639075392857e-05,264.4986877441406,715.7674560546875,1.9856095605064183e-05,-1.8704252243041992,4.104677200317383,6.256072083488107e-06,2.7343239784240723,-0.8859081268310547,4.591694050759543e-06
16,4.441821575164795,3.098693370819092,4.73617137686233e-06,270.0344543457031,716.4634399414062,1.4114064015302574e-06,0.5393123626708984,0.7777619361877441,5.562912065215642e-06,156.27430725097656,4.085911273956299,9.048153515323065e-06,260.75836181640625,713.0020141601562,0.00020131854398641735,264.4986877441406,716.6342163085938,3.932611798518337e-05,-1.8704252243041992,4.104677200317383,6.858645974716637e-06,2.7214059829711914,-1.0526423454284668,4.501264356804313e-06
17,4.4579176902771,3.0017623901367188,6.098698122514179e-06,270.0344543457031,716.4634399414062,1.798628886717779e-06,0.5393123626708984,0.7777619361877441,6.251581908145454e-06,156.27430725097656,4.085911273956299,1.3193663107813336e-05,261.87127685546875,713.0020141601562,0.0005365115939639509,267.2527160644531,715.6405029296875,3.239460420445539e-05,-1.8704252243041992,4.104677200317383,7.558865490864264e-06,2.7343239784240723,-1.0526423454284668,6.110843060014304e-06
18,4.58217716217041,2.9374871253967285,3.881053089571651e-06,270.1343994140625,717.0049438476562,1.2940175793119124e-06,0.5502991676330566,0.8975851535797119,4.344743501860648e-06,156.2180633544922,4.124938488006592,1.0451478374307044e-05,261.87127685546875,713.4454956054688,0.00026210007490590215,267.2527160644531,717.0257568359375,3.9837996155256405e-05,262.3974304199219,714.0997924804688,5.982753009448061e-06,2.942308187484741,-1.0526423454284668,3.7969487038935767e-06
19,4.594744682312012,2.9374871253967285,4.887971499556443e-06,270.1343994140625,717.0049438476562,3.214753860447672e-06,0.5502991676330566,1.0480339527130127,3.7540805806202115e-06,156.35360717773438,4.124938488006592,1.0439963261887897e-05,261.3918151855469,713.6217651367188,0.001027844613417983,261.4175109863281,715.6405029296875,8.681373583385721e-05,262.3974304199219,714.9376831054688,1.292758770432556e-05,3.105985164642334,-0.8859081268310547,5.9935923673037905e-06
20,4.630467891693115,3.0402088165283203,2.442473714836524e-06,270.1343994140625,716.4634399414062,1.026082372845849e-06,0.6142885684967041,1.123884916305542,3.7772003906866303e-06,156.47067260742188,4.124938488006592,5.312903340382036e-06,261.3918151855469,713.6217651367188,0.0002735836314968765,261.4175109863281,716.9247436523438,3.695817940752022e-05,262.3974304199219,714.9376831054688,5.264304490992799e-06,3.105985164642334,-1.051833152770996,2.4999515062518185e-06
21,4.6699371337890625,2.735105514526367,4.51674486612319e-06,271.07525634765625,716.3392944335938,1.4067621805224917e-06,0.6142885684967041,1.123884916305542,4.86957924294984e-06,156.46536254882812,4.124938488006592,1.0965320143441204e-05,259.5438537597656,713.3352661132812,2.152110027964227e-05,261.06524658203125,716.5172729492188,2.398374635959044e-05,261.47125244140625,714.0997924804688,9.29276029637549e-06,3.1922194957733154,-0.6902546882629395,4.093851657671621e-06
22,4.6699371337890625,3.0402088165283203,3.851614565064665e-06,271.07525634765625,715.8405151367188,2.0184893401165027e-06,137.64498901367188,1.123884916305542,4.122601239942014e-06,156.46536254882812,4.0167670249938965,7.985904630913865e-06,259.5438537597656,713.5850219726562,0.0006706556887365878,261.06524658203125,716.5172729492188,4.160007301834412e-05,155.5677490234375,714.042236328125,5.325890924723353e-06,3.105985164642334,-0.6902546882629395,3.82926600650535e-06
23,4.6699371337890625,3.05782151222229,2.569051957834745e-06,271.4593811035156,1.3949592113494873,1.038328946378897e-06,137.51318359375,0.07401776313781738,3.814744559349492e-06,156.47067260742188,4.0092315673828125,1.8426664610160515e-05,260.7773132324219,713.3352661132812,0.00019870455435011536,261.06524658203125,716.5172729492188,5.96192512603011e-05,155.5677490234375,3.9520623683929443,6.534390195156448e-06,3.105985164642334,-0.6902546882629395,3.3017688565450953e-06
24,4.630467891693115,3.1094822883605957,4.10759412261541e-06,271.7547912597656,715.8405151367188,1.3407249070951366e-06,137.51318359375,0.07401776313781738,6.035486876498908e-06,156.47067260742188,4.0092315673828125,2.615637276903726e-05,260.1799621582031,712.4844360351562,0.000195519722183235,265.0533142089844,716.8159790039062,2.6921350581687875e-05,155.5677490234375,3.8782355785369873,7.63933621783508e-06,3.097926616668701,-1.051833152770996,4.655212705984013e-06
25,4.881595611572266,3.05782151222229,1.966448735402082e-06,271.7547912597656,1.432551383972168,7.716899403931166e-07,137.64498901367188,0.07401776313781738,2.8157953693153104e-06,156.49588012695312,4.0092315673828125,1.1303007340757176e-05,260.7773132324219,712.2133178710938,0.00013036666496191174,265.346923828125,716.8159790039062,1.2783718375430908e-05,155.5677490234375,3.773113250732422,6.452075467677787e-06,3.517930030822754,-0.5512442588806152,1.6363513850592426e-06
26,4.932616233825684,3.05782151222229,2.86593990495021e-06,271.7547912597656,1.432551383972168,1.3171825230529066e-06,137.68258666992188,0.5329267978668213,3.871260560117662e-06,156.49588012695312,4.0092315673828125,1.384229472023435e-05,262.02825927734375,712.4844360351562,0.0003722739056684077,265.346923828125,716.8159790039062,2.7621141271083616e-05,73.01883697509766,3.773113250732422,6.631526503042551e-06,3.517930030822754,-0.5512442588806152,3.799726755460142e-06
27,5.229746341705322,2.914064884185791,2.949642066596425e-06,634.0223999023438,1.7390131950378418,9.240604867954971e-07,137.51318359375,0.5329267978668213,6.172900157253025e-06,156.37213134765625,3.9084479808807373,2.8727788958349265e-05,262.02825927734375,712.4520263671875,6.227492849575356e-05,267.6907043457031,716.8159790039062,1.2422817235346884e-05,73.01883697509766,3.8782355785369873,7.270166406669887e-06,3.517930030822754,-1.4147591590881348,3.2862064927030588e-06
28,5.229746341705322,2.914064884185791,3.3403002817067318e-06,271.7547912597656,716.1150512695312,1.786184725460771e-06,151.94448852539062,0.5329267978668213,5.983705705148168e-06,156.37213134765625,4.036116123199463,9.464310096518602e-06,261.51654052734375,712.4520263671875,4.786565841641277e-05,267.5498046875,716.8159790039062,1.666287425905466e-05,73.01883697509766,3.8782355785369873,2.9060900487820618e-05,69.86510467529297,1.1916632652282715,6.843043956905603e-05
29,5.229746341705322,2.662482261657715,4.369770977064036e-06,272.3335876464844,712.0435791015625,1.0554771279203123e-06,152.60462951660156,0.4446280002593994,4.467398412089096e-06,156.52276611328125,4.196113586425781,1.1911201909242664e-05,261.51654052734375,712.4520263671875,0.00025326330796815455,267.5498046875,716.8843994140625,4.0516722947359085e-05,73.01883697509766,3.9437222480773926,5.626934125757543e-06,155.66033935546875,1.7857751846313477,3.887446837325115e-06
30,5.229746341705322,2.914064884185791,3.015687980223447e-06,270.6058349609375,712.0435791015625,2.210418642789591e-06,152.60462951660156,0.3582582473754883,5.859493739990285e-06,156.52276611328125,3.9084479808807373,3.586390084819868e-05,261.2997741699219,712.4732055664062,0.002884341636672616,263.8469543457031,715.9290771484375,5.1948205509688705e-05,-2.165311813354492,3.9437222480773926,7.68738846090855e-06,69.86510467529297,1.1916632652282715,5.1010110837523825e-06
31,4.684885025024414,2.662482261657715,4.137651558266953e-06,270.6058349609375,1.7390131950378418,1.2936019402332022e-06,0.3870432376861572,0.3582582473754883,4.970056579622906e-06,156.52276611328125,4.196113586425781,1.439681727788411e-05,261.1407165527344,712.4732055664062,0.0002587713534012437,263.8469543457031,715.9290771484375,2.7619165848591365e-05,-2.165311813354492,3.8011958599090576,5.29700264451094e-06,3.021693229675293,-0.7882905006408691,3.985046532761771e-06
32,4.250605583190918,2.662482261657715,5.474061708810041e-06,1.5052199363708496,-2.616356372833252,1.9827298274321947e-06,138.07249450683594,0.346926212310791,7.28723534848541e-06,156.52276611328125,4.215904712677002,9.011907422973309e-06,261.0928039550781,713.0280151367188,0.00013341658632270992,263.8469543457031,715.4918212890625,2.3195416360977106e-05,-2.165311813354492,3.8011958599090576,9.70922610576963e-06,2.565068006515503,-0.7787761688232422,7.426463525916915e-06
33,4.250605583190918,2.662482261657715,4.02780869990238e-06,1.5052199363708496,-2.616356372833252,1.7267462908421294e-06,137.14712524414062,0.346926212310791,4.977955086360453e-06,156.49832153320312,4.196113586425781,1.382350910716923e-05,259.656494140625,713.0280151367188,2.0466835849219933e-05,263.8469543457031,715.4918212890625,2.2401978640118614e-05,-2.4484715461730957,3.8011958599090576,1.0248997568851337e-05,2.5377590656280518,-0.7882905006408691,4.656189503293717e-06
34,4.250605583190918,3.450831413269043,3.896971065842081e-06,1.5052199363708496,-2.616356372833252,1.4939828361093532e-06,0.7370548248291016,0.3582582473754883,4.141196313867113e-06,156.33677673339844,4.244625568389893,1.7405069229425862e-05,260.2995300292969,713.0280151367188,0.0002567221235949546,265.1289367675781,715.4918212890625,4.7259829443646595e-05,-2.165311813354492,3.8011958599090576,8.669075214129407e-06,2.5377590656280518,-0.8655643463134766,4.077638550370466e-06
35,4.9864821434021,3.0145843029022217,4.99684210808482e-06,253.6912384033203,716.0902709960938,2.499713218639954e-06,0.7370548248291016,0.49921703338623047,4.801743216376053e-06,156.30935668945312,4.244625568389893,1.3049683730059769e-05,259.8711853027344,713.2717895507812,0.003274687798693776,265.1289367675781,715.4918212890625,7.872287096688524e-05,-2.152942657470703,3.9865188598632812,5.321320713846944e-06,2.565068006515503,-0.7882905006408691,3.4688769119384233e-06
36,5.322607040405273,3.450831413269043,4.15944714404759e-06,268.94561767578125,716.4461059570312,2.2164135771163274e-06,137.14712524414062,1.2077791690826416,4.51467758466606e-06,156.33677673339844,4.376463890075684,8.88399426912656e-06,260.2995300292969,712.7997436523438,0.00024171950644813478,266.91680908203125,715.7050170898438,1.8646374883246608e-05,3.0442447662353516,710.8716430664062,6.316399321804056e-06,3.3787171840667725,-0.7787761688232422,3.732675168066635e-06
37,253.42332458496094,714.7055053710938,3.0926310046197614e-06,270.2342834472656,717.171875,1.086076508727274e-06,137.14712524414062,1.4772820472717285,3.340972398291342e-06,156.33677673339844,4.14277458190918,5.785885150544345e-06,260.2995300292969,712.7997436523438,0.00030647413223050535,265.97430419921875,716.4884033203125,1.7439493603887968e-05,76.33879852294922,714.9537963867188,4.339794941188302e-06,3.414374589920044,-0.7020206451416016,2.8060885597369634e-06
38,260.61932373046875,714.7055053710938,6.978036708460422e-06,270.371337890625,716.7186279296875,1.71451556525426e-05,247.6821746826172,711.0465087890625,1.0817941983987112e-05,156.69097900390625,4.14277458190918,1.2480765690270346e-05,260.2995300292969,712.7997436523438,0.009240125305950642,265.97430419921875,715.7050170898438,0.0007674997323192656,261.5202941894531,715.392578125,8.90475494088605e-05,78.29134368896484,712.194580078125,0.0003127386444248259
39,267.474609375,715.6256103515625,2.072013785436866e-06,270.50592041015625,716.7186279296875,3.6738351809617598e-06,248.26068115234375,714.1439819335938,4.687055024987785e-06,156.75936889648438,3.8901686668395996,1.3046361345914192e-05,260.1927490234375,713.0615234375,0.001863894984126091,265.6457824707031,715.7050170898438,0.00012047444033669308,268.0780944824219,715.392578125,1.5905858163023368e-05,268.8972473144531,714.4962768554688,4.72591136713163e-06
40,268.0915832519531,715.6256103515625,2.9010334401391447e-06,270.50592041015625,716.7186279296875,4.5506203605327755e-06,248.26068115234375,714.1439819335938,5.479864285007352e-06,156.7819061279297,3.8901686668395996,1.2976056495972443e-05,260.5103454589844,712.5689697265625,0.0008917518425732851,265.97430419921875,716.4884033203125,0.00021831698541063815,268.0813903808594,715.62548828125,1.2966604117536917e-05,268.8972473144531,714.7332153320312,5.341144969861489e-06
41,286.6551818847656,714.752197265625,1.2162051461928058e-05,270.6039733886719,716.3888549804688,1.7966411178349517e-05,247.6821746826172,713.6578369140625,1.280040669371374e-05,156.75936889648438,3.8901686668395996,2.715270602493547e-05,260.5103454589844,712.8692626953125,0.007161401677876711,265.97430419921875,717.0882568359375,0.0006744202692061663,268.0813903808594,715.62548828125,2.201431016146671e-05,268.8972473144531,714.7332153320312,1.011708354781149e-05
42,268.0915832519531,714.752197265625,6.6458787841838785e-06,270.6039733886719,715.3231811523438,3.877231392834801e-06,247.197021484375,711.0465087890625,6.542707524204161e-06,156.69097900390625,3.8238658905029297,1.3992376807436813e-05,260.1927490234375,712.768310546875,0.0012212034780532122,265.6457824707031,717.0882568359375,5.967511242488399e-05,268.0780944824219,715.62548828125,9.770679753273726e-06,268.43701171875,714.4962768554688,4.432269633980468e-06
43,268.1090393066406,714.752197265625,4.245033323968528e-06,270.6039733886719,715.3231811523438,1.514898144705512e-06,247.197021484375,713.6578369140625,4.0713480302656535e-06,156.7819061279297,4.167330265045166,1.36851922434289e-05,260.9980163574219,712.768310546875,0.0004379084275569767,265.74542236328125,717.0882568359375,1.1660108611977194e-05,267.782958984375,715.8612670898438,5.223178050073329e-06,267.960205078125,714.0003662109375,3.0571084153052652e-06
44,268.1090393066406,713.9237060546875,4.3377217480156105e-06,270.4287414550781,710.6165161132812,1.4041886515769875e-06,152.33615112304688,1.2424726486206055,4.982395239494508e-06,156.68934631347656,4.167330265045166,1.769624032021966e-05,260.9980163574219,712.5689697265625,0.00033261155476793647,265.74542236328125,716.7362670898438,3.710954842972569e-05,155.6968231201172,705.8219604492188,5.863160822627833e-06,155.68667602539062,708.936767578125,4.3336285671102814e-06
45,4.820507049560547,3.416658401489258,6.408938588720048e-06,1.7433104515075684,-2.634859561920166,1.1760808774852194e-05,138.08883666992188,0.02385425567626953,6.767081686120946e-06,156.68934631347656,4.167330265045166,1.8282955352333374e-05,260.9937438964844,712.768310546875,0.001232070499099791,265.74542236328125,716.7362670898438,0.00025694543728604913,77.81233978271484,4.126213073730469,2.0993764337617904e-05,82.4076156616211,1.764787197113037,9.870902431430295e-06
46,4.260570049285889,3.3781046867370605,3.982538601121632e-06,1.6351275444030762,-2.634859561920166,1.4085020438869833e-06,137.72227478027344,0.9808790683746338,5.4643655857944395e-06,156.47781372070312,4.127995014190674,1.1415810149628669e-05,260.9937438964844,712.768310546875,0.000198628957150504,258.871337890625,716.5059814453125,1.7316460798610933e-05,-1.0037050247192383,4.126213073730469,1.834352224250324e-05,3.080203056335449,-0.30558204650878906,0.00017792725702747703
47,4.820507049560547,3.416658401489258,3.3220746900042286e-06,1.7433104515075684,-1.9274821281433105,1.300402345805196e-06,138.08883666992188,1.2424726486206055,5.474562840390718e-06,156.47781372070312,4.127995014190674,1.629112557566259e-05,260.9980163574219,712.5687866210938,8.085691661108285e-05,265.74542236328125,716.5059814453125,1.598395647306461e-05,77.81233978271484,705.8219604492188,6.438448053813772e-06,82.4076156616211,708.3909301757812,5.030244210502133e-06
48,4.550614833831787,3.416658401489258,5.1532124416553415e-06,1.7433104515075684,-1.9274821281433105,2.5710028239700478e-06,0.7782304286956787,1.1587731838226318,6.409391517081531e-06,156.33056640625,3.823382616043091,2.381583908572793e-05,261.95318603515625,712.5687866210938,0.00016800416051410139,266.93603515625,716.5774536132812,3.362246570759453e-05,77.81233978271484,705.8219604492188,1.3627407497551758e-05,2.5273935794830322,-0.5253643989562988,6.8214840212021954e-06
49,4.550614833831787,3.8654112815856934,5.864111244591186e-06,269.37591552734375,714.73681640625,2.47076059167739e-06,0.7918994426727295,0.9808790683746338,6.784897777833976e-06,156.33056640625,3.823382616043091,1.5719322618679143e-05,265.67572021484375,711.3961791992188,0.000468686455860734,266.93603515625,716.5774536132812,4.8466448788531125e-05,266.08392333984375,713.9497680664062,1.3788763681077398e-05,2.5273935794830322,-0.5253643989562988,3.740379270311678e-06
50,268.73626708984375,714.3831787109375,4.025289399578469e-06,271.8716125488281,714.9135131835938,1.8240823465021094e-06,0.7918994426727295,1.1587731838226318,5.784649147244636e-06,156.25767517089844,3.823382616043091,1.439320567442337e-05,265.67572021484375,711.3961791992188,0.000552397861611098,264.1179504394531,715.9148559570312,4.245358650223352e-05,266.08392333984375,713.9497680664062,6.544586085510673e-06,268.0592346191406,708.3909301757812,5.57392513655941e-06
51,269.015869140625,715.4212036132812,5.591164153884165e-06,272.8160400390625,715.4207153320312,2.034786120930221e-06,137.5963897705078,1.1587731838226318,3.1923018468660302e-06,156.33056640625,4.03713846206665,4.992936283088056e-06,265.67572021484375,711.3961791992188,0.00011180213186889887,264.1179504394531,716.5774536132812,1.2363461792119779e-05,266.08392333984375,714.0198974609375,4.544453531707404e-06,268.0592346191406,708.41357421875,3.560287495929515e-06
52,269.015869140625,716.114501953125,4.039186478621559e-06,272.1072998046875,715.4207153320312,6.824730462540174e-06,137.5963897705078,1.1587731838226318,6.7492037487681955e-06,156.25767517089844,4.03713846206665,2.3542826966149732e-05,260.49774169921875,710.8928833007812,0.0046683852560818195,259.3468322753906,716.9500732421875,6.942008621990681e-05,261.46240234375,714.7252807617188,1.3014945579925552e-05,267.2065734863281,708.640869140625,5.1070715016976465e-06
53,269.015869140625,716.114501953125,5.467508344736416e-06,272.1072998046875,715.3270874023438,6.695908268739004e-06,137.5963897705078,1.3927879333496094,5.478219009091845e-06,156.29495239257812,4.03713846206665,8.182678357115947e-06,260.49774169921875,711.6287841796875,0.0031538098119199276,258.0575866699219,715.9148559570312,0.0002266931696794927,260.4107666015625,713.9497680664062,1.7457949070376344e-05,267.2065734863281,708.640869140625,5.141067504155217e-06
54,268.73626708984375,716.114501953125,3.6647231809183722e-06,271.8716125488281,715.4207153320312,3.2806951821839903e-06,137.649169921875,1.3927879333496094,5.8534060372039676e-06,156.29495239257812,3.811013698577881,7.704708878009114e-06,260.49774169921875,712.7462158203125,0.00034380058059468865,259.3468322753906,716.6455688476562,2.1412150090327486e-05,260.4107666015625,714.7252807617188,8.647219146951102e-06,266.7242431640625,708.41357421875,3.0091582630120683e-06
55,269.015869140625,714.417724609375,2.3193611013994087e-06,272.1072998046875,715.3270874023438,7.173965173024044e-07,137.649169921875,1.3927879333496094,2.9888947210565675e-06,156.29495239257812,3.811013698577881,6.845401003374718e-06,260.6435546875,712.7462158203125,2.209787635365501e-05,259.3468322753906,716.6455688476562,9.915008376992773e-06,260.4107666015625,714.8670654296875,3.957656190323178e-06,155.73793029785156,2.0306878089904785,2.302514758412144e-06
56,4.929133892059326,3.7541730403900146,1.8765543927656836e-06,272.1072998046875,715.3270874023438,1.0323582273485954e-06,137.649169921875,1.3927879333496094,4.1022854020411614e-06,156.22390747070312,3.7760915756225586,1.2769792192557361e-05,261.46063232421875,711.327392578125,0.00018159237515646964,259.3468322753906,716.6298828125,2.6705283744377084e-05,259.1981201171875,714.8670654296875,7.934208952065092e-06,155.7014617919922,1.9052014350891113,2.6842360512091545e-06
57,4.929133892059326,3.2637782096862793,5.262998911348404e-06,286.84222412109375,715.4927368164062,2.8298611596255796e-06,137.649169921875,1.3927879333496094,8.17650834505912e-06,156.29495239257812,3.7760915756225586,3.187271795468405e-05,265.9555358886719,711.327392578125,0.00018740067025646567,5.199487686157227,2.319432258605957,8.177836571121588e-05,169.8863983154297,4.036808013916016,7.367314537987113e-06,155.7014617919922,1.6174747943878174,5.04439640280907e-06
58,4.929133892059326,3.272587776184082,5.435768343886593e-06,286.84222412109375,715.4927368164062,1.7907862002175534e-06,137.649169921875,1.0879390239715576,5.739145763072884e-06,156.54019165039062,4.0189714431762695,1.3980986295791809e-05,265.9555358886719,711.327392578125,6.635049794567749e-05,5.199487686157227,2.453561305999756,2.0568759282468818e-05,-1.41786527633667,4.036808013916016,7.405782980640652e-06,155.7014617919922,1.6174747943878174,5.598345978796715e-06
59,5.064566612243652,3.272587776184082,6.32625597063452e-06,286.84222412109375,715.4927368164062,4.332099706516601e-06,137.16957092285156,1.0879390239715576,8.354679266631138e-06,156.54019165039062,4.185693264007568,2.190248778788373e-05,265.9555358886719,711.327392578125,0.00010646793816704303,5.199487686157227,2.453561305999756,2.333759948669467e-05,-1.41786527633667,4.036808013916016,6.334261342999525e-06,155.45693969726562,1.6174747943878174,5.532917839445872e-06
60,5.064566612243652,3.272587776184082,3.042495791305555e-06,271.4063720703125,715.545166015625,1.2975184517927119e-06,137.16957092285156,1.0879390239715576,4.3041131903009955e-06,156.6263885498047,4.185693264007568,7.047079634503461e-06,260.5395202636719,712.1323852539062,5.093449726700783e-05,5.199487686157227,2.453561305999756,1.686862924543675e-05,-1.41786527633667,4.036808013916016,6.053962806618074e-06,155.45693969726562,1.6174747943878174,4.134074060857529e-06
61,5.3661088943481445,3.2637782096862793,2.214978621850605e-06,271.4063720703125,715.4927368164062,2.322229420315125e-06,137.7678985595703,1.0879390239715576,4.948481091560097e-06,156.65579223632812,4.292617321014404,2.0404180759214796e-05,260.5395202636719,712.403076171875,0.0007338714203797281,5.199487686157227,2.453561305999756,2.7569507437874563e-05,3.277174234390259,715.46142578125,8.156088370014913e-06,155.8256378173828,1.6174747943878174,3.1691211006545927e-06
62,5.380924701690674,3.272587776184082,8.73883345775539e-06,271.2638244628906,715.7415161132812,1.7565062080393545e-05,137.7678985595703,1.0879390239715576,7.456439561792649e-06,156.66342163085938,4.296872615814209,1.2288466678000987e-05,259.9804382324219,712.403076171875,0.0075079514645040035,263.95123291015625,715.8499755859375,0.00025661662220954895,265.95355224609375,715.9716186523438,2.5991166694439016e-05,156.0755615234375,1.8975780010223389,6.793994543841109e-06
63,5.380924701690674,3.184607744216919,2.825094043146237e-06,271.2638244628906,715.9462890625,1.0732452437878237e-06,137.8248748779297,0.44776010513305664,3.8107737054815516e-06,156.66342163085938,4.4344258308410645,1.2725978194794152e-05,260.5395202636719,712.16357421875,4.625473957275972e-05,264.12420654296875,716.2070922851562,1.158630766440183e-05,266.06170654296875,715.9716186523438,5.287549811328063e-06,267.6072692871094,714.9879760742188,2.703135351111996e-06
64,5.380924701690674,3.184607744216919,1.2280325790925417e-05,271.2638244628906,715.9462890625,1.2383193279674742e-05,247.6650848388672,712.3931884765625,1.0477625437488314e-05,267.2103576660156,716.3623657226562,2.2112189981271513e-05,261.05743408203125,712.16357421875,0.004779736045747995,264.12420654296875,717.0342407226562,0.00015361247642431408,266.06170654296875,715.6980590820312,2.944565494544804e-05,267.712646484375,714.9879760742188,1.158517989097163e-05
65,4.9915080070495605,3.184607744216919,3.555838929969468e-06,271.2638244628906,715.9462890625,2.1645232664013747e-06,247.54087829589844,712.3931884765625,1.555771814309992e-05,156.69895935058594,4.4344258308410645,3.4115790185751393e-05,261.05743408203125,712.7687377929688,0.00023039727238938212,264.12420654296875,717.0342407226562,7.408224337268621e-05,265.95355224609375,715.6980590820312,2.1768009901279584e-05,267.6072692871094,708.8876342773438,1.0569886399025563e-05
66,4.227663516998291,3.4157729148864746,3.3845224152173614e-06,270.23724365234375,715.9462890625,1.922615183502785e-06,247.54087829589844,712.3931884765625,3.580007387427031e-06,156.69895935058594,4.4344258308410645,1.258848078578012e-05,261.05743408203125,713.126708984375,0.00030802603578194976,265.7610778808594,717.0342407226562,3.0041381251066923e-05,266.4381408691406,715.6980590820312,1.2771934962074738e-05,267.6072692871094,708.8876342773438,7.582185389765073e-06
67,4.227663516998291,3.1226978302001953,3.3957410323637305e-06,268.29058837890625,1.2230932712554932,1.2396203601383604e-06,137.8248748779297,1.100907564163208,6.402225608326262e-06,156.67465209960938,4.4344258308410645,3.177508551743813e-05,261.6073303222656,713.133544921875,0.00030788188450969756,265.7610778808594,716.8724365234375,1.579703348397743e-05,266.4381408691406,715.6932983398438,5.415030955191469e-06,3.0020484924316406,-0.4899482727050781,4.6335185288626235e-06
68,4.238684177398682,3.4157729148864746,5.636090463667642e-06,270.23724365234375,1.2230932712554932,1.7249539041586104e-06,247.54087829589844,712.3931884765625,6.577943167940248e-06,156.67465209960938,4.318051338195801,1.1997137335129082e-05,261.05743408203125,713.133544921875,0.000156388632603921,265.7610778808594,716.5448608398438,3.555340299499221e-05,266.4381408691406,715.6932983398438,1.1719035683199763e-05,3.0020484924316406,-0.4899482727050781,5.3984022088116035e-06
69,4.238684177398682,3.5834336280822754,3.66196991308243e-06,271.2615051269531,1.2230932712554932,1.1990293842245592e-06,152.16368103027344,1.100907564163208,7.285268566192826e-06,156.67465209960938,4.318051338195801,2.0501374820014462e-05,260.7705078125,713.126708984375,2.6841929866350256e-05,265.2662048339844,715.8955078125,1.6023317584767938e-05,266.9370422363281,715.2297973632812,5.890504780836636e-06,3.0020484924316406,-0.4899482727050781,4.67855215902091e-06
70,5.011998176574707,3.451843738555908,7.497446858906187e-06,271.2615051269531,710.2959594726562,1.536935815238394e-05,152.16368103027344,1.100907564163208,5.12089309268049e-06,156.47476196289062,4.1586594581604,1.9584591427701525e-05,260.7705078125,713.686279296875,0.000654957490041852,265.2662048339844,716.5198974609375,7.881901547079906e-05,266.9370422363281,715.2297973632812,7.274139989021933e-06,77.23883819580078,1.5069093704223633,2.87640500573616e-06
71,261.14398193359375,715.5565185546875,9.086677891900763e-06,271.2615051269531,716.072265625,9.646430044085719e-06,152.16368103027344,0.46756458282470703,6.4815726545930374e-06,156.67465209960938,4.664059162139893,4.430598710314371e-05,260.7705078125,711.817626953125,0.002944488078355789,265.2662048339844,716.5198974609375,8.854947373038158e-05,266.9370422363281,714.8651123046875,1.106858780985931e-05,155.6231689453125,708.715576171875,7.20868638381944e-06
72,261.14398193359375,715.5565185546875,3.850634129776154e-06,271.2615051269531,716.072265625,2.3697391497989884e-06,152.16368103027344,0.8481197357177734,6.800886239943793e-06,156.47476196289062,4.145323276519775,1.3565376320912037e-05,260.1693115234375,711.817626953125,0.00036885219742543995,266.17767333984375,716.5448608398438,3.3378706575604156e-05,266.9370422363281,714.8651123046875,1.917168810905423e-05,155.6231689453125,712.5457763671875,3.3162225008709356e-05
73,5.011998176574707,3.451843738555908,9.732189027999993e-06,270.68048095703125,716.072265625,9.276884156861342e-06,137.4913787841797,0.8045780658721924,5.609632808045717e-06,156.47476196289062,4.145323276519775,1.4893318621034268e-05,260.7705078125,711.7257690429688,0.0031579623464494944,266.17767333984375,716.5775756835938,0.0001393071870552376,75.75939178466797,712.0370483398438,2.2619849914917722e-05,77.23883819580078,708.715576171875,1.8001912394538522e-05
74,5.011998176574707,3.451843738555908,3.3429548693675315e-06,270.68048095703125,716.0903930664062,1.1884170589837595e-06,137.4913787841797,0.8045780658721924,4.4765420170733705e-06,156.40853881835938,4.119333267211914,1.2977862752450164e-05,260.5645446777344,711.8550415039062,0.00022317151888273656,266.17767333984375,716.5775756835938,1.7936692529474385e-05,75.75939178466797,712.0370483398438,3.865594044327736e-05,77.23883819580078,712.5457763671875,5.5960594181669876e-05
75,4.565173149108887,3.3241989612579346,3.6300057217886206e-06,1.738762378692627,-2.633653163909912,1.25985502563708e-06,0.6151397228240967,0.8045780658721924,4.523836196312914e-06,156.40853881835938,4.117857933044434,1.361174145131372e-05,260.74639892578125,711.8550415039062,0.00011760061897803098,266.17767333984375,716.5775756835938,1.9416349459788762e-05,73.66498565673828,712.0370483398438,6.3145625972538255e-06,75.27775573730469,708.715576171875,3.946992819692241e-06
76,4.565173149108887,3.3241989612579346,3.7701433939218987e-06,1.738762378692627,-2.633653163909912,4.443667421583086e-06,0.6151397228240967,0.8481197357177734,1.0248420949210413e-05,156.40853881835938,4.117857933044434,2.880092324630823e-05,260.74639892578125,712.8660278320312,0.0003736917569767684,266.17767333984375,716.5775756835938,4.3207437556702644e-05,73.66498565673828,712.0370483398438,1.3119873983669095e-05,75.27775573730469,713.2161254882812,6.260488589759916e-06
77,4.778022766113281,3.06955623626709,4.088908553967485e-06,1.6536858081817627,-2.633653163909912,1.1159706900798483e-06,0.6842341423034668,0.8045780658721924,4.400109901325777e-06,156.35305786132812,4.074008464813232,5.5774717111489736e-06,261.5534973144531,712.9366455078125,0.0002585708280093968,263.2948913574219,716.0617065429688,1.890719977382105e-05,-1.6352715492248535,3.9428646564483643,5.774782948719803e-06,2.828092575073242,-0.7071084976196289,4.078766778548015e-06
78,4.778022766113281,3.050618886947632,3.409298187762033e-06,271.5592346191406,715.7163696289062,2.0332925032562343e-06,0.6842341423034668,0.7150650024414062,5.768777555203997e-06,156.32554626464844,4.117857933044434,1.0039424523711205e-05,260.74639892578125,712.9366455078125,0.00013420818140730262,260.71099853515625,716.0617065429688,2.5531746359774843e-05,3.080487012863159,715.1022338867188,2.0927522200508974e-05,74.71820068359375,711.1241455078125,2.954245019282098e-06
79,4.746464252471924,3.050618886947632,4.82292307424359e-06,272.4217224121094,715.176025390625,1.3962248885945883e-06,0.6842341423034668,1.1406121253967285,4.648260983231012e-06,156.40383911132812,4.074008464813232,8.340492968272883e-06,261.5534973144531,714.2860107421875,3.624796590884216e-05,5.187984943389893,2.3111305236816406,2.734356894507073e-05,-2.036034107208252,3.9227325916290283,7.2783586801961064e-06,3.024198293685913,-0.7071084976196289,4.8722872634243686e-06
80,4.778022766113281,3.9640958309173584,4.713542239187518e-06,286.4056091308594,715.176025390625,4.8900228648562916e-06,0.7755284309387207,1.3960785865783691,6.214827408257406e-06,156.40383911132812,4.362482070922852,1.711122786218766e-05,261.5534973144531,714.2860107421875,0.0013811199460178614,260.71099853515625,716.65478515625,9.077243157662451e-05,3.080487012863159,715.2166137695312,1.4891897990310099e-05,74.71820068359375,711.1241455078125,4.79326190543361e-05
81,4.778022766113281,3.9640958309173584,3.398498165552155e-06,272.4217224121094,715.176025390625,1.0767267895062105e-06,0.7755284309387207,1.3960785865783691,4.560765319183702e-06,156.40383911132812,4.362482070922852,9.070314263226464e-06,261.5534973144531,712.9557495117188,0.00012566913210321218,260.71099853515625,715.8113403320312,1.2901465197501238e-05,3.080487012863159,715.2166137695312,4.236184395267628e-06,74.71820068359375,709.4152221679688,3.957210537919309e-06
82,4.747735023498535,3.9640958309173584,5.463203251565574e-06,272.4217224121094,715.502685546875,3.3286676170973806e-06,247.42355346679688,710.69287109375,6.326575658022193e-06,156.51968383789062,4.44850492477417,1.7475422282586806e-05,260.863037109375,712.2107543945312,0.0008310992852784693,264.6462097167969,716.65478515625,1.9360490114195272e-05,266.5260009765625,715.8057250976562,9.459175998927094e-06,267.8483581542969,711.1241455078125,3.8183002288860735e-06
83,4.747735023498535,3.9640958309173584,3.481729663690203e-06,286.4056091308594,715.176025390625,2.3208656330098165e-06,247.42355346679688,710.69287109375,4.925340363115538e-06,156.59329223632812,4.362482070922852,9.719426998344716e-06,264.438232421875,711.1264038085938,0.00021081388695165515,264.6462097167969,715.8113403320312,0.00044699935824610293,266.5260009765625,715.2166137695312,2.0089823010494e-05,267.8483581542969,709.4152221679688,4.512547093327157e-06
84,4.747735023498535,3.910828113555908,2.7159753699379507e-06,286.4056091308594,710.751220703125,2.940138301710249e-06,247.42355346679688,710.69287109375,7.101442861312535e-06,156.63479614257812,4.362482070922852,7.418513632728718e-06,261.5791931152344,711.1264038085938,0.0008472597110085189,264.6462097167969,715.8113403320312,6.029777796356939e-05,266.5260009765625,715.2166137695312,9.120857612288091e-06,267.8483581542969,709.4152221679688,2.9179313969507348e-06
85,4.747735023498535,3.2002294063568115,3.0885723845130997e-06,271.4111328125,715.502685546875,1.0676988040358992e-06,153.22354125976562,0.8787572383880615,3.3095018352469197e-06,156.63479614257812,4.241825103759766,9.374373803439084e-06,261.5791931152344,711.1264038085938,3.8041238440200686e-05,264.6462097167969,715.8113403320312,1.810675166780129e-05,266.1842956542969,715.6775512695312,5.617679562419653e-06,155.84178161621094,1.9229328632354736,2.5931326490535866e-06
86,4.747735023498535,3.2002294063568115,1.804004000405257e-06,271.4111328125,715.502685546875,8.720880941837095e-07,153.22354125976562,0.8787572383880615,4.573452770273434e-06,156.63479614257812,4.241825103759766,2.0295447029639035e-05,261.5791931152344,710.6421508789062,2.087462053168565e-05,264.6462097167969,716.635498046875,8.265869837487116e-06,266.1842956542969,714.9435424804688,5.282574875309365e-06,155.84178161621094,1.9229328632354736,2.737608838287997e-06
87,4.781834602355957,3.2002294063568115,3.8864345697220415e-06,286.6720275878906,709.8098754882812,3.623002157837618e-06,137.68113708496094,0.007302284240722656,4.739898940897547e-06,156.59329223632812,4.185522079467773,2.6233537937514484e-05,261.5791931152344,710.6421508789062,0.0005961745046079159,4.76007080078125,1.9621288776397705,4.987988722859882e-05,170.26895141601562,3.997014045715332,1.3299029888003133e-05,155.70858764648438,1.8365533351898193,4.694745257438626e-06
88,5.434675693511963,3.910828113555908,4.548785000224598e-06,271.4111328125,716.2164916992188,3.417625521251466e-06,153.22354125976562,0.007302284240722656,7.481739885406569e-06,156.3749542236328,4.185522079467773,1.2580055226862896e-05,260.0242004394531,712.4212036132812,0.00018111683311872184,264.81158447265625,716.6243896484375,5.832585520693101e-05,266.1842956542969,714.9435424804688,2.2834814444649965e-05,155.8152618408203,1.8365533351898193,6.906271210027626e-06
89,5.434675693511963,3.2002294063568115,2.0229256278980756e-06,270.4666442871094,716.2596435546875,1.4157134273773408e-06,247.8933868408203,710.996826171875,4.983298367733369e-06,156.3749542236328,4.8513383865356445,1.896872890938539e-05,260.0242004394531,712.4212036132812,4.666434324462898e-05,265.22515869140625,716.6243896484375,1.0912981451838277e-05,266.1842956542969,714.9435424804688,5.033992238168139e-06,155.70858764648438,1.7734434604644775,3.94366315958905e-06
90,5.434675693511963,3.122241497039795,3.270508614150458e-06,270.4666442871094,716.2596435546875,7.255592663568677e-06,264.0754089355469,710.996826171875,8.196595445042476e-06,156.3749542236328,4.8513383865356445,1.945569965755567e-05,260.0242004394531,710.6421508789062,0.0018247762927785516,265.22515869140625,715.7269897460938,0.00011287064990028739,155.6299591064453,714.9435424804688,1.3308799680089578e-05,155.70858764648438,1.5997536182403564,4.241035185259534e-06
91,4.842491149902344,3.0420608520507812,2.8417880457709543e-06,270.7189636230469,716.2596435546875,1.8578164144855691e-06,249.03857421875,710.996826171875,6.064462013455341e-06,156.3749542236328,4.8513383865356445,6.568177468579961e-06,259.6868896484375,712.573974609375,0.0002135358372470364,263.7155456542969,715.7269897460938,4.7371733671752736e-05,155.6299591064453,715.86083984375,7.124763669708045e-06,155.70858764648438,1.5997536182403564,3.4782715374603868e-06
92,4.650947570800781,2.9831671714782715,2.991643668792676e-06,270.52447509765625,716.3638916015625,2.064361069642473e-06,249.03857421875,714.0983276367188,8.871928912412841e-06,156.4482421875,4.8513383865356445,1.196093489852501e-05,259.6868896484375,712.65234375,1.8464748791302554e-05,265.1472473144531,715.9965209960938,1.2477291420509573e-05,265.6048278808594,715.8787231445312,6.5734666350181215e-06,3.2401316165924072,-1.18656587600708,3.319369852761156e-06
93,4.650947570800781,2.9831671714782715,3.7486001929210033e-06,270.52447509765625,716.44921875,3.1665169899497414e-06,264.7978210449219,713.9650268554688,4.879550942860078e-06,267.1754150390625,716.683837890625,1.0314525752619375e-05,259.6868896484375,712.65234375,0.0001931748556671664,265.1472473144531,715.7269897460938,6.508461956400424e-05,265.6048278808594,715.8787231445312,1.4353893675433937e-05,3.2401316165924072,-1.18656587600708,4.924015684082406e-06
94,4.842491149902344,3.0420608520507812,3.612392902141437e-06,270.52447509765625,716.44921875,2.1399282559286803e-06,249.03857421875,714.0437622070312,5.529008831217652e-06,156.4482421875,4.4300384521484375,1.3391861102718394e-05,259.12518310546875,710.1080932617188,0.001141156768426299,263.7155456542969,715.9965209960938,0.000142329212394543,265.6048278808594,715.8787231445312,7.60652028475306e-06,252.48988342285156,708.8328247070312,3.41109966939257e-06
95,4.650947570800781,3.352473735809326,5.3891176321485545e-06,269.32293701171875,717.325927734375,2.829003051374457e-06,248.87481689453125,714.0437622070312,6.465583737735869e-06,156.4482421875,4.4300384521484375,1.0651282536855433e-05,259.6868896484375,712.65234375,0.0004939719219692051,263.7155456542969,715.9965209960938,5.860724559170194e-05,265.6048278808594,715.0282592773438,9.877832781057805e-06,252.48988342285156,712.8357543945312,7.21092783351196e-06
96,254.00074768066406,714.1452026367188,4.876810635323636e-06,269.32293701171875,717.325927734375,4.071227522217669e-06,248.87481689453125,713.9650268554688,1.0310848665540107e-05,156.40301513671875,4.279711723327637,1.1506112969073001e-05,259.12518310546875,712.0599975585938,0.0019335625693202019,265.1472473144531,715.9965209960938,8.332041761605069e-05,267.2111511230469,715.0282592773438,6.6511734075902496e-06,252.48988342285156,712.8357543945312,3.7240922665660037e-06
97,254.00074768066406,714.1452026367188,4.813774467038456e-06,252.82791137695312,717.325927734375,6.146747182356194e-06,248.50384521484375,713.5864868164062,4.505860033532372e-06,156.37498474121094,4.279711723327637,2.481164483469911e-05,260.8758544921875,712.0599975585938,0.00024395028594881296,260.143798828125,715.2603149414062,0.00011302736675133929,253.64512634277344,714.0526733398438,0.0002603065222501755,252.48988342285156,712.8357543945312,0.00035316424327902496
98,4.482346057891846,3.352473735809326,3.5879713777831057e-06,252.82791137695312,715.7351684570312,5.261810201773187e-06,248.50384521484375,709.8975830078125,1.2724169209832326e-05,156.3186492919922,4.002457141876221,1.1278844795015175e-05,258.7476806640625,712.0693359375,0.0019976261537522078,259.97332763671875,715.9586181640625,0.00031949891126714647,155.4756317138672,711.572509765625,1.5652009096811526e-05,155.7059783935547,712.8357543945312,4.125995474169031e-06
99,4.482346057891846,3.352473735809326,3.938866939279251e-06,269.8930358886719,715.7351684570312,1.322907905887405e-06,248.8080291748047,709.8975830078125,4.888969215244288e-06,156.3186492919922,4.002457141876221,1.5963496480253525e-05,258.9978942871094,712.4405517578125,3.7744062865385786e-05,259.97332763671875,715.9586181640625,1.7370462956023403e-05,155.4756317138672,711.572509765625,5.864324066351401e-06,155.7059783935547,713.5938720703125,4.537498625722947e-06
100,260.60986328125,714.4437255859375,2.209674676123541e-06,270.0826110839844,715.5593872070312,2.2458484636445064e-06,249.26820373535156,710.1963500976562,6.429409950214904e-06,156.3186492919922,4.002457141876221,2.6017778509412892e-05,258.9978942871094,712.4405517578125,0.0011643375037238002,263.7088928222656,716.37548828125,3.474567347439006e-05,266.3930358886719,715.9013061523438,5.968459845462348e-06,155.7059783935547,1.494584560394287,3.7521231206483208e-06
101,4.482346057891846,3.3760321140289307,2.4102753286570078e-06,270.0826110839844,715.7351684570312,5.600817985396134e-06,249.5431365966797,710.1963500976562,5.4638130677631125e-06,156.3186492919922,4.002457141876221,1.8622436982695945e-05,258.9978942871094,712.4405517578125,0.0010661534033715725,263.7088928222656,716.37548828125,0.00033205741783604026,266.3930358886719,715.9013061523438,2.514826883270871e-05,3.0288493633270264,-0.8660616874694824,8.548090590920765e-06
102,5.121509552001953,3.3760321140289307,3.495006467346684e-06,271.0103454589844,716.2178955078125,1.7855869600680307e-06,249.5431365966797,710.1963500976562,4.343211003288161e-06,156.3186492919922,4.031520366668701,1.402837187924888e-05,258.9978942871094,712.0693359375,6.713256152579561e-05,264.3421936035156,716.37548828125,1.9405702914809808e-05,266.3930358886719,715.9780883789062,4.533264018391492e-06,3.0288493633270264,-1.1074676513671875,2.4024589038162958e-06
103,5.121509552001953,3.585139751434326,3.3480694128229516e-06,271.0103454589844,717.1228637695312,4.034239736938616e-06,248.8080291748047,710.1963500976562,6.280144134507282e-06,156.40493774414062,4.112287998199463,6.884392860229127e-06,261.3546142578125,712.4405517578125,0.0006785353762097657,265.99847412109375,716.5599365234375,3.8034348108340055e-05,266.58349609375,715.9780883789062,7.123235718609067e-06,3.0288493633270264,-1.1074676513671875,3.687873231683625e-06
104,5.121509552001953,3.585139751434326,3.293761437817011e-06,271.0103454589844,717.2269287109375,1.395638946632971e-06,249.5431365966797,710.1963500976562,3.669139914563857e-06,156.40493774414062,4.112287998199463,1.745235567796044e-05,261.3681945800781,712.8104858398438,6.71897578286007e-05,267.36090087890625,716.37548828125,3.453445606282912e-05,268.46002197265625,715.9780883789062,1.0936172657238785e-05,3.0288493633270264,-1.1074676513671875,3.2386080874857726e-06
105,5.121509552001953,3.585139751434326,3.3756127777451184e-06,271.0103454589844,717.2269287109375,2.5759381969692186e-06,249.5431365966797,710.745849609375,4.2794204091478605e-06,156.40493774414062,4.184359550476074,6.81607934893691e-06,261.3681945800781,712.8104858398438,0.00024680656497366726,265.99847412109375,716.296875,2.1371064576669596e-05,267.4059753417969,715.0005493164062,6.566110641870182e-06,267.2423095703125,708.6838989257812,3.99103237214149e-06
106,268.2510681152344,714.028076171875,6.38251049167593e-06,271.2895202636719,717.2269287109375,1.872024881777179e-06,247.75021362304688,710.745849609375,4.254825398675166e-06,267.1314392089844,716.1122436523438,6.7462115111993626e-06,261.3681945800781,712.8104858398438,0.0005379830836318433,265.52569580078125,716.0711059570312,8.00405177869834e-05,266.58349609375,714.98681640625,7.762879249639809e-06,268.5104675292969,708.9146728515625,4.646457455237396e-06
107,268.2510681152344,714.028076171875,7.7853947004769e-06,271.2895202636719,717.1663208007812,1.724071080388967e-05,247.75021362304688,710.745849609375,6.174413556436775e-06,267.1314392089844,716.1122436523438,1.1181386980751995e-05,261.3681945800781,712.8104858398438,0.005235204938799143,265.52569580078125,715.652099609375,0.0002714034344535321,266.58349609375,714.67041015625,2.3771955966367386e-05,268.5104675292969,708.9146728515625,1.0005368494603317e-05
108,287.2096862792969,714.1420288085938,4.04660477215657e-06,271.2895202636719,716.9495239257812,2.917090796472621e-06,248.6182861328125,710.806396484375,8.82595395523822e-06,267.1314392089844,716.1122436523438,6.194596608111169e-06,261.3681945800781,712.8104858398438,0.0019826404750347137,265.52569580078125,715.652099609375,6.560607289429754e-05,266.5062561035156,714.98681640625,1.3173722436476965e-05,268.5104675292969,708.9146728515625,6.458995358116226e-06
109,268.2510681152344,714.1420288085938,3.365952579770237e-06,271.2895202636719,716.9495239257812,1.0692914429455413e-06,247.75021362304688,710.806396484375,4.660592367145e-06,156.3657989501953,4.396039009094238,2.8795237085432746e-05,261.7945556640625,712.9244384765625,0.00013102816592436284,265.52569580078125,716.0711059570312,1.759354563546367e-05,262.6306457519531,714.67041015625,5.378843070502626e-06,268.4767150878906,708.9146728515625,3.935146196454298e-06
110,4.515622138977051,3.7247564792633057,9.471516023040749e-06,270.3897399902344,714.1830444335938,6.0385441429389175e-06,137.15147399902344,0.9873988628387451,2.2307003746391274e-05,156.259765625,4.0408549308776855,2.7155865609529428e-05,261.7945556640625,713.7317504882812,0.0008920633117668331,264.2818603515625,716.0711059570312,0.00019083553343079984,262.6306457519531,714.98681640625,2.2855201677884907e-05,155.580810546875,1.7099888324737549,8.317014362546615e-06
111,4.507928848266602,3.302995443344116,3.606819745982648e-06,1.4232923984527588,-2.5429253578186035,2.1774694687337615e-06,136.94583129882812,0.6889138221740723,6.6231082200829405e-06,156.259765625,4.024489879608154,2.3439753931597807e-05,261.7945556640625,713.7317504882812,0.0006002285517752171,264.6334228515625,715.5576782226562,3.923886833945289e-05,262.6306457519531,715.1258544921875,7.07188200976816e-06,155.31614685058594,1.2818074226379395,5.622454864351312e-06
112,4.370975971221924,3.243962287902832,3.489301889203489e-06,270.3184814453125,714.1830444335938,1.229665031132754e-06,0.8307287693023682,0.9659016132354736,4.761877789860591e-06,156.29954528808594,4.024489879608154,1.1025739695469383e-05,261.0724182128906,713.7317504882812,2.9409369744826108e-05,264.6334228515625,715.5576782226562,2.1443047444336116e-05,266.4976501464844,715.3181762695312,7.5536481745075434e-06,155.580810546875,1.7099888324737549,4.280510438547935e-06
113,4.370975971221924,3.243962287902832,5.377473371481756e-06,270.3184814453125,716.0833740234375,2.2062210973672336e-06,0.8307287693023682,0.6889138221740723,5.885687642148696e-06,156.29954528808594,4.0408549308776855,1.710054129944183e-05,260.4560546875,712.540283203125,0.0003762289707083255,264.6334228515625,715.5576782226562,7.109691796358675e-05,266.5330810546875,715.3181762695312,9.577396667737048e-06,155.580810546875,1.7099888324737549,5.690314537787344e-06
114,4.370975971221924,2.9554662704467773,6.17923797108233e-06,270.3184814453125,716.0833740234375,7.298954642465105e-06,0.8307287693023682,0.9659016132354736,9.253328244085424e-06,156.29954528808594,4.365163803100586,1.9346794942975976e-05,260.4560546875,712.5052490234375,0.001366554293781519,264.6334228515625,715.5576782226562,0.00014945086149964482,266.5330810546875,715.3181762695312,2.3486161808250472e-05,75.88886260986328,714.04248046875,8.277735105366446e-06
115,4.669271945953369,3.243962287902832,4.38813322034548e-06,270.42535400390625,716.0833740234375,5.132157639309298e-06,0.8307287693023682,0.6889138221740723,7.232677035062807e-06,156.3339385986328,4.365163803100586,4.253755832905881e-05,260.4560546875,712.4238891601562,0.0008188888896256685,265.0462341308594,715.6629028320312,0.0002571785298641771,266.4976501464844,714.4296875,2.814890285662841e-05,80.42916870117188,714.48583984375,8.272044397017453e-06
116,286.8957214355469,713.9973754882812,3.676975893540657e-06,270.6353454589844,716.498291015625,1.461879264752497e-06,137.9794921875,0.5560472011566162,6.328428753477056e-06,156.3505096435547,4.365163803100586,2.1685917090508156e-05,260.9226989746094,712.4105224609375,0.00022980580979492515,265.8875732421875,716.0123901367188,2.6039346266770735e-05,155.6403350830078,714.28564453125,1.0261937859468162e-05,156.00021362304688,714.48583984375,5.117636646900792e-06
117,286.8957214355469,713.9973754882812,8.685500688443426e-06,270.6353454589844,716.498291015625,3.989476226706756e-06,137.9794921875,0.2624013423919678,3.932621439162176e-06,156.51036071777344,4.325624465942383,1.5081266610650346e-05,265.0303039550781,711.697021484375,0.0002584315952844918,265.8875732421875,716.0123901367188,6.385951564880088e-05,76.28076171875,713.5147094726562,5.52814090042375e-05,80.42916870117188,714.04248046875,0.00022051970881875604
118,286.8660888671875,713.9973754882812,3.555577677616384e-06,270.6353454589844,716.498291015625,1.7172461639347603e-06,152.7492218017578,0.5560472011566162,4.990018169337418e-06,156.51036071777344,4.312672138214111,2.273145400977228e-05,265.0303039550781,711.697021484375,0.00023376887838821858,266.2957763671875,716.0123901367188,3.7720310501754284e-05,76.28076171875,713.5147094726562,6.758375548088225e-06,80.42916870117188,708.1903076171875,4.762286152981687e-06
119,286.8660888671875,713.9973754882812,3.861644472635817e-06,270.6353454589844,714.6831665039062,1.0759250699265976e-06,137.68179321289062,0.5560472011566162,4.911919859296177e-06,156.51333618164062,4.183590412139893,2.426078572170809e-05,265.8008728027344,711.697021484375,0.00017452203610446304,267.1005859375,716.3768310546875,2.1552257749135606e-05,155.6403350830078,713.5147094726562,5.891752607567469e-06,80.42916870117188,1.8542225360870361,3.332857431814773e-06
120,269.1706237792969,713.9973754882812,4.6721179387532175e-06,270.6353454589844,715.7899169921875,4.267878466635011e-06,152.7492218017578,1.131803035736084,8.633483048470225e-06,156.51333618164062,4.183590412139893,1.7092244888772257e-05,265.0303039550781,712.59716796875,0.0054994490928947926,266.2957763671875,716.3768310546875,0.0001735098921926692,260.6766357421875,713.522216796875,8.021956091397442e-06,3.296372175216675,-0.9612846374511719,6.331814802251756e-06
121,4.563560485839844,3.516407012939453,2.938834768428933e-06,270.21844482421875,715.7899169921875,1.8556081613496644e-06,137.68179321289062,1.131803035736084,3.420416533117532e-06,156.23683166503906,4.07835054397583,7.352301054197596e-06,265.0303039550781,712.59716796875,5.708761091227643e-05,267.1005859375,716.5086669921875,1.8127657313016243e-05,260.6766357421875,713.522216796875,8.20414334157249e-06,2.9953694343566895,-0.9612846374511719,3.610684643717832e-06
122,4.510782718658447,3.516407012939453,3.5713730994757498e-06,272.485107421875,717.1524047851562,2.1420516986836446e-06,0.9742441177368164,1.131803035736084,6.304231192189036e-06,156.20413208007812,3.9102585315704346,1.9028828319278546e-05,260.8606872558594,712.59716796875,0.0003425302857067436,267.1005859375,716.5086669921875,4.3114665459143e-05,260.6766357421875,713.522216796875,7.508093858632492e-06,2.9953694343566895,-0.7332758903503418,3.191093583154725e-06
123,4.510782718658447,3.516407012939453,6.689398560411064e-06,272.8851318359375,715.7899169921875,2.1740438569395337e-06,0.9742441177368164,1.048720359802246,6.144777671579504e-06,156.17308044433594,3.9102585315704346,9.246554327546619e-06,266.0508728027344,713.100830078125,0.0007236817036755383,258.64715576171875,716.5086669921875,0.0002339740312891081,2.4334452152252197,714.8386840820312,6.482326625700807e-06,2.9953694343566895,-0.7332758903503418,6.072923497413285e-06
124,269.1706237792969,715.46923828125,4.834569153899793e-06,272.8851318359375,715.7899169921875,2.2872191038914025e-06,0.7009580135345459,0.9897811412811279,4.791025730810361e-06,156.17308044433594,3.9102585315704346,1.3129887520335615e-05,259.9510192871094,711.8485717773438,0.0007413020357489586,258.34906005859375,716.4639282226562,2.5221497708116658e-05,2.4334452152252197,715.601806640625,6.180386662890669e-06,2.9953694343566895,-0.7332758903503418,4.186124897387344e-06
125,4.510782718658447,3.516407012939453,3.5270402349851793e-06,272.8851318359375,717.1524047851562,1.5125003756111255e-06,0.45010876655578613,0.4226562976837158,4.282817826606333e-06,156.17308044433594,4.126218795776367,2.5640152671257965e-05,259.9510192871094,711.6441040039062,2.8729900805046782e-05,5.093590259552002,2.5373291969299316,1.922366391227115e-05,2.4334452152252197,712.123046875,7.479449777747504e-06,2.9953694343566895,-0.507176399230957,3.287456820544321e-06
126,270.1608581542969,714.4866943359375,1.2184073966636788e-05,273.5594787597656,715.4343872070312,5.195377525524236e-06,0.45010876655578613,0.2660975456237793,3.838626071228646e-06,156.70956420898438,4.147358417510986,1.0979644684994128e-05,259.9510192871094,711.8485717773438,0.0006651217699982226,5.093590259552002,2.5373291969299316,2.1504605683730915e-05,2.894733428955078,713.7176513671875,7.046937753329985e-06,3.125335216522217,-0.507176399230957,3.1367076189781073e-06
127,270.1608581542969,714.4866943359375,5.44557497050846e-06,273.5594787597656,714.0390014648438,2.109836032104795e-06,0.6101775169372559,0.2660975456237793,6.58177123114001e-06,156.70956420898438,4.147358417510986,1.4224586266209371e-05,258.9846496582031,711.6441040039062,0.00026581838028505445,5.093590259552002,2.5373291969299316,2.9594521038234234e-05,74.26129150390625,713.7176513671875,2.50442808464868e-05,3.125335216522217,-0.6169638633728027,6.669807771686465e-05
128,270.1608581542969,700.14697265625,6.2825642999086995e-06,273.5594787597656,715.4343872070312,4.369666839920683e-06,0.6101775169372559,0.2660975456237793,5.932963631494204e-06,156.70956420898438,4.157337188720703,3.4177370253019035e-05,258.9846496582031,711.4901733398438,0.0004929072456434369,258.34906005859375,715.9359130859375,2.2959167836233974e-05,169.98263549804688,713.7176513671875,1.8632901628734544e-05,3.125335216522217,-0.6169638633728027,4.883372639596928e-06
129,4.796141624450684,3.2318129539489746,3.844703769573243e-06,270.9136657714844,716.498046875,1.4274144177761627e-06,137.38265991210938,0.2629129886627197,5.114031409902964e-06,156.62985229492188,4.187383651733398,1.3248597497295123e-05,259.9670104980469,711.6441040039062,1.979338594537694e-05,259.232177734375,715.9359130859375,2.0903746190015227e-05,260.4582214355469,713.7176513671875,6.916236998222303e-06,73.79879760742188,707.8441162109375,4.550061021291185e-06
130,4.796141624450684,3.247704267501831,3.917760750482557e-06,271.048828125,716.32177734375,2.6445295588928275e-06,137.74620056152344,0.2629129886627197,4.9249456424149685e-06,156.62985229492188,4.183877468109131,2.6797530153999105e-05,259.9670104980469,712.298095703125,0.0008595134131610394,263.8901672363281,716.308349609375,4.5876771764596924e-05,264.8990173339844,714.3455200195312,1.0577227840258274e-05,3.26991868019104,-0.6169638633728027,4.065519988216693e-06
131,4.6668009757995605,3.2318129539489746,3.2522079891350586e-06,270.9136657714844,716.32177734375,6.828448476881022e-06,137.38265991210938,0.8819320201873779,6.980552370805526e-06,156.60086059570312,4.183877468109131,1.566299943078775e-05,258.9915771484375,711.827392578125,0.0005930105107836425,263.8901672363281,716.308349609375,7.544810068793595e-05,264.8990173339844,714.3455200195312,1.9536688341759145e-05,3.26991868019104,-0.6169638633728027,1.9150253137922846e-05
132,4.6668009757995605,3.2318129539489746,3.6385454222909175e-06,271.048828125,716.32177734375,1.449743763259903e-06,152.85488891601562,1.2920002937316895,6.462081728386693e-06,156.60086059570312,4.183877468109131,9.855203643382993e-06,259.3242492675781,712.298095703125,0.00039013143396005034,263.8901672363281,717.0606689453125,3.8738755392841995e-05,264.8990173339844,714.3455200195312,1.0969107279379386e-05,3.26991868019104,-0.9596529006958008,3.4426007005095016e-06
133,4.6668009757995605,3.120866298675537,3.492204541544197e-06,271.048828125,715.9835815429688,1.079502794709697e-06,152.41714477539062,1.2920002937316895,4.052544682053849e-06,156.60086059570312,4.183877468109131,9.51380206970498e-06,258.9915771484375,712.298095703125,0.00015247699047904462,262.6845703125,716.308349609375,1.8110913515556604e-05,260.8902282714844,714.0341796875,5.1435840759950224e-06,3.2132482528686523,-1.0154690742492676,3.719417463798891e-06
134,4.6668009757995605,3.120866298675537,4.977784101356519e-06,271.048828125,715.9835815429688,4.255994099366944e-06,247.85247802734375,710.0040283203125,9.400721864949446e-06,156.67147827148438,4.183877468109131,9.548168236506172e-06,258.9915771484375,712.4180297851562,0.0015169118996709585,262.6845703125,715.7294311523438,6.982181366765872e-05,260.8902282714844,714.0341796875,1.3044756087765563e-05,3.2132482528686523,-1.0154690742492676,5.4161259868124034e-06
135,4.653468132019043,3.120866298675537,3.662710696517024e-06,271.99554443359375,1.4913530349731445,1.1148528074045316e-06,152.41714477539062,1.2920002937316895,4.525838903646218e-06,156.41162109375,3.918208122253418,1.3135622793924995e-05,259.3242492675781,712.4180297851562,5.5070468079065904e-05,260.6818542480469,712.1039428710938,1.6094883903861046e-05,169.93797302246094,714.0341796875,5.358067028282676e-06,2.993682622909546,-1.0154690742492676,2.947175971712568e-06
136,4.653468132019043,3.225658416748047,6.18567082710797e-06,271.99554443359375,1.4913530349731445,6.445273356803227e-06,152.41714477539062,1.269554615020752,5.493940534506692e-06,156.41162109375,4.292394161224365,8.316182174894493e-06,259.3242492675781,712.4180297851562,0.0018692172598093748,260.6818542480469,712.1039428710938,9.72438501776196e-05,169.93797302246094,714.0341796875,9.628783118387219e-06,3.2132482528686523,-1.0154690742492676,5.753048299084185e-06
137,4.653468132019043,3.225658416748047,1.913091637106845e-06,270.5125732421875,1.4769644737243652,8.612838655608357e-07,137.48983764648438,0.7457938194274902,2.4522742023691535e-06,156.62423706054688,4.292394161224365,9.748204320203513e-06,259.35455322265625,712.5787353515625,4.905236346530728e-05,4.852157115936279,2.2265305519104004,1.0175914212595671e-05,80.68221282958984,709.7483520507812,4.738154075312195e-06,3.2132482528686523,-1.197587013244629,2.7762973786593648e-06
138,4.430096626281738,3.412475824356079,4.04789761887514e-06,270.5125732421875,1.4769644737243652,1.446608621336054e-06,137.38137817382812,0.7457938194274902,5.672867700923234e-06,156.54598999023438,4.363217353820801,1.6768723071436398e-05,260.59368896484375,712.5787353515625,2.084211701003369e-05,4.852157115936279,2.2265305519104004,1.9826691641355865e-05,80.68221282958984,714.725341796875,1.4756548807781655e-05,77.29559326171875,708.2411499023438,6.977668817853555e-05
139,4.430096626281738,3.412475824356079,3.1488762033404782e-06,269.9134216308594,1.4769644737243652,1.0213444738838007e-06,137.38137817382812,0.7457938194274902,5.091223101771902e-06,156.38035583496094,4.049194812774658,2.3265933123184368e-05,260.59368896484375,713.2533569335938,2.638711521285586e-05,4.852157115936279,2.2265305519104004,1.4445005945162848e-05,80.68221282958984,715.5791625976562,5.382301878853468e-06,77.29559326171875,711.4080810546875,3.97078974856413e-06
140,4.430096626281738,3.657336473464966,2.845310518750921e-06,269.9134216308594,716.086181640625,3.120384008070687e-06,137.38137817382812,0.8898506164550781,6.413041774067096e-06,156.32839965820312,4.049194812774658,2.2797386918682605e-05,260.59368896484375,712.4810791015625,0.00039416205254383385,264.3931579589844,714.8434448242188,3.38973113684915e-05,266.7992248535156,714.5916137695312,1.3397252587310504e-05,267.3321228027344,711.4080810546875,5.634306944557466e-06
141,5.1429009437561035,3.657336473464966,2.387088898103684e-06,270.7321472167969,716.086181640625,4.474617526284419e-06,137.48983764648438,0.8898506164550781,6.132554517535027e-06,156.46498107910156,4.049194812774658,1.4426889720198233e-05,260.59368896484375,712.507080078125,0.000920912716537714,264.3931579589844,714.8434448242188,0.00011477478983579203,266.7992248535156,714.5916137695312,2.169899016735144e-05,267.3543395996094,708.5902099609375,1.0390398529125378e-05
142,268.44842529296875,714.98779296875,4.921602794638602e-06,271.0669860839844,716.086181640625,1.0844331882253755e-05,152.859375,0.8898506164550781,5.419008630269673e-06,156.33468627929688,4.132198810577393,8.824363249004818e-06,259.8437805175781,712.4810791015625,0.006835307460278273,265.5148620605469,715.8117065429688,0.00020144757581874728,266.7992248535156,714.705322265625,1.3295898497744929e-05,267.3543395996094,708.5902099609375,8.258085472334642e-06
143,286.6846618652344,714.98779296875,4.865809842158342e-06,271.0669860839844,716.086181640625,4.072524461662397e-06,265.1661376953125,710.5772094726562,9.71380177361425e-06,156.33468627929688,4.132198810577393,1.629852340556681e-05,259.8437805175781,712.507080078125,0.001321687363088131,265.9048156738281,715.5673217773438,0.0001254940580110997,266.7992248535156,714.705322265625,1.5323212210205384e-05,268.4020690917969,708.5902099609375,1.331866587861441e-05
144,268.44842529296875,714.883544921875,2.8700999337161193e-06,271.3453063964844,716.508544921875,1.4283215250543435e-06,152.859375,1.0399885177612305,4.111952421226306e-06,156.34768676757812,4.489959239959717,1.6703746950952336e-05,259.8437805175781,712.4374389648438,0.0003161226923111826,265.29327392578125,715.5673217773438,2.621895691845566e-05,266.18304443359375,714.5916137695312,5.223416792432545e-06,268.4020690917969,708.5902099609375,2.75117645287537e-06
145,5.1429009437561035,3.83040452003479,7.164890575950267e-06,271.3453063964844,716.508544921875,1.8297992937732488e-05,152.859375,1.0399885177612305,1.5037148841656744e-05,156.34768676757812,4.489959239959717,2.3505406716139987e-05,260.9180603027344,712.507080078125,0.0036715653259307146,265.3818359375,715.8117065429688,0.00046982261119410396,266.18304443359375,714.705322265625,3.4889508242486045e-05,268.3647766113281,708.77978515625,9.1417923613335e-06
146,268.51654052734375,714.883544921875,5.30611850990681e-06,271.3165588378906,716.508544921875,4.530299065663712e-06,152.859375,1.0399885177612305,7.607956376887159e-06,156.34768676757812,4.626874923706055,8.641398380859755e-06,260.9180603027344,712.4374389648438,0.00196072063408792,265.3818359375,716.1047973632812,2.678644159459509e-05,266.18304443359375,714.705322265625,1.6246025552391075e-05,267.6349182128906,708.77978515625,6.546845725097228e-06
147,4.461441516876221,3.83040452003479,3.8251050682447385e-06,271.3165588378906,716.508544921875,1.432599560757808e-06,137.17105102539062,1.0399885177612305,5.085812972538406e-06,156.56845092773438,4.626874923706055,8.081997293629684e-06,260.9180603027344,712.1958618164062,0.000195457658264786,265.29327392578125,716.1047973632812,2.3187389160739258e-05,266.18304443359375,714.1194458007812,9.392360880156048e-06,267.6349182128906,708.77978515625,5.7437455325271e-06
148,4.461441516876221,3.6481029987335205,4.823217750526965e-06,271.3165588378906,717.1171875,4.758382146974327e-06,137.17105102539062,0.23865389823913574,6.637688784394413e-06,156.68533325195312,4.474475383758545,7.596734121761983e-06,260.9178466796875,712.1958618164062,0.0011298669269308448,265.29327392578125,716.3094482421875,4.611239637597464e-05,266.18304443359375,714.1194458007812,8.04184855951462e-06,267.6349182128906,708.77978515625,4.953122243023245e-06
149,5.4164252281188965,3.6481029987335205,3.5751900213654153e-06,271.3165588378906,716.1881713867188,1.8399778127786703e-06,152.3404998779297,0.23865389823913574,4.712103873316664e-06,156.68533325195312,4.395703315734863,9.094219421967864e-06,260.9178466796875,712.1958618164062,0.00017504084098618478,265.3818359375,716.51123046875,1.490552313043736e-05,266.26580810546875,714.2846069335938,8.322799658344593e-06,268.3647766113281,708.4295043945312,4.832601007365156e-06
150,268.51654052734375,714.613525390625,3.3366420666425256e-06,272.00872802734375,716.0916748046875,6.15576345808222e-06,152.3404998779297,0.20157241821289062,8.019187589525245e-06,156.68533325195312,4.395703315734863,4.170867759967223e-05,260.49761962890625,712.1958618164062,0.0035947123542428017,264.3501892089844,716.3094482421875,0.0002487560559529811,261.28265380859375,714.0661010742188,2.806586417136714e-05,268.4618835449219,708.4295043945312,8.013858860067558e-06
151,5.4164252281188965,3.6481029987335205,8.356495527550578e-06,272.00872802734375,715.1140747070312,3.5054952149948804e-06,137.21066284179688,0.20157241821289062,4.573710157274036e-06,156.63961791992188,4.395703315734863,1.1517760867718607e-05,260.49761962890625,712.9134521484375,0.00025699788238853216,263.8986511230469,715.513427734375,1.7648057109909132e-05,261.28265380859375,714.0661010742188,7.041428943921346e-06,268.4618835449219,708.4295043945312,5.475758825923549e-06
152,268.71563720703125,714.613525390625,3.8659150050079916e-06,270.9820861816406,716.0916748046875,2.834779934346443e-06,152.3404998779297,1.2805933952331543,3.279494194430299e-06,156.68533325195312,4.395703315734863,7.431904123222921e-06,260.0750732421875,712.9134521484375,0.000908193236682564,264.99151611328125,716.2096557617188,4.183056444162503e-05,266.0717468261719,714.2846069335938,1.1086715858255047e-05,268.51300048828125,708.8460693359375,3.841149009531364e-06
153,268.71563720703125,714.6392822265625,5.040910309617175e-06,272.00872802734375,715.6786499023438,1.557789687467448e-06,248.5639190673828,710.4887084960938,5.968432105873944e-06,156.72811889648438,4.197993755340576,1.2275138033146504e-05,259.9771728515625,712.2589721679688,5.174119723960757e-05,263.8986511230469,715.7464599609375,2.3134820366976783e-05,261.909912109375,714.2846069335938,7.261497557919938e-06,268.4618835449219,708.8460693359375,4.769622137246188e-06
154,267.1405944824219,716.6485595703125,6.142669008113444e-06,270.9820861816406,716.0916748046875,9.728450095281005e-06,248.16302490234375,713.9085083007812,8.099758815660607e-06,156.8664093017578,4.598039150238037,1.2643754416785669e-05,259.9771728515625,712.6932373046875,0.002583554247394204,263.8986511230469,715.5164794921875,0.00016547911218367517,261.909912109375,714.9095458984375,1.591150248714257e-05,268.51300048828125,712.9785766601562,5.681936727341963e-06
155,260.4427490234375,716.6485595703125,6.586518338735914e-06,270.27593994140625,716.6834106445312,9.105448953050654e-06,248.16302490234375,713.9085083007812,7.245400411193259e-06,156.87576293945312,4.598039150238037,8.579033419664484e-06,259.99493408203125,712.6932373046875,0.0023507745936512947,264.99151611328125,715.7464599609375,0.00023826803953852504,266.0717468261719,714.9095458984375,1.1031346730305813e-05,268.51300048828125,713.3246459960938,3.7097745462233433e-06
156,260.4427490234375,716.6485595703125,8.563290975871496e-06,270.9820861816406,716.6834106445312,3.272316826041788e-05,248.16302490234375,713.9085083007812,1.6635991414659657e-05,156.87576293945312,4.1407790184021,2.462677912262734e-05,259.61383056640625,712.6932373046875,0.011989527381956577,264.99151611328125,716.2096557617188,0.0008555577951483428,266.0717468261719,715.10009765625,4.2968375055352226e-05,268.51300048828125,713.3246459960938,1.589318344485946e-05
157,4.9206767082214355,3.1192054748535156,1.8707522713157232e-06,271.295166015625,716.6834106445312,1.3622083088193904e-06,247.9063720703125,713.8676147460938,2.5567358079570113e-06,156.8664093017578,4.1407790184021,8.598856766184326e-06,259.99493408203125,712.6932373046875,0.0003625084937084466,265.2636413574219,716.218505859375,6.293479236774147e-05,267.2052917480469,715.1100463867188,8.970808266894892e-06,267.9566650390625,713.3246459960938,4.028461717098253e-06
158,4.778445243835449,2.7825231552124023,4.12238887292915e-06,270.27593994140625,716.6834106445312,4.661854745791061e-06,247.9063720703125,711.1795043945312,8.684805834491272e-06,156.91893005371094,4.2347540855407715,2.2447657102020457e-05,259.99493408203125,713.2041625976562,0.0006453099194914103,265.2636413574219,716.218505859375,5.516881719813682e-05,267.2052917480469,714.9095458984375,1.5757401342852972e-05,267.9566650390625,714.1735229492188,4.830149464396527e-06
159,4.778445243835449,2.7825231552124023,2.75094043900026e-06,270.38037109375,716.8817138671875,2.717591996770352e-06,246.67356872558594,711.1795043945312,3.925648343283683e-06,156.825439453125,4.1407790184021,1.2659378626267426e-05,260.02178955078125,713.427001953125,0.0004372581606730819,265.2636413574219,716.583984375,5.143441376276314e-05,267.2052917480469,715.1100463867188,7.319971246033674e-06,267.9566650390625,714.1735229492188,3.242263801439549e-06
160,4.702781677246094,2.753744125366211,4.337622158345766e-06,270.38037109375,716.01806640625,1.72371744611155e-06,246.67356872558594,711.1795043945312,4.798213922185823e-06,156.67929077148438,4.2347540855407715,6.283115908445325e-06,260.02178955078125,713.3536987304688,0.00013694634253624827,260.4700012207031,716.583984375,3.176454265485518e-05,261.5875549316406,715.1100463867188,3.388790719327517e-05,155.78343200683594,709.0159912109375,4.328224895289168e-05
161,4.702781677246094,2.7825231552124023,1.3085933687762008e-06,270.1398620605469,716.6212158203125,8.161271694007155e-07,152.61819458007812,0.2952718734741211,2.5703286610223586e-06,156.630615234375,4.285507678985596,7.400650702038547e-06,260.02178955078125,713.3536987304688,0.00016984243120532483,265.2636413574219,716.1427001953125,1.7348096662317403e-05,267.2052917480469,715.1100463867188,4.3106779230583925e-06,75.05140686035156,709.0159912109375,3.609486384448246e-06
162,4.16693115234375,2.9289798736572266,3.2722680316510377e-06,1.674407958984375,-2.4750466346740723,1.2271228797544609e-06,138.0068359375,1.1950814723968506,6.0625998230534606e-06,156.36798095703125,4.285507678985596,2.8355500035104342e-05,260.59161376953125,713.3536987304688,3.8430520362453535e-05,4.881407737731934,2.2628254890441895,2.008762203331571e-05,72.78589630126953,712.9730224609375,6.532838142447872e-06,3.1738686561584473,-0.6202816963195801,3.802406126851565e-06
163,4.784397125244141,2.9289798736572266,4.300785803934559e-06,154.98715209960938,3.058553695678711,2.2072881620260887e-06,138.0068359375,0.2952718734741211,5.397881977842189e-06,156.26980590820312,4.2397356033325195,1.0802631550177466e-05,260.59161376953125,713.0413208007812,0.0008255642605945468,4.641046524047852,2.2628254890441895,8.828582213027403e-05,155.5626983642578,4.306394100189209,6.368556569213979e-06,3.1738686561584473,-0.6202816963195801,4.806627202924574e-06
164,4.70175313949585,2.9289798736572266,3.861224286083598e-06,154.98715209960938,3.058553695678711,1.6195282341868733e-06,137.45472717285156,0.2952718734741211,5.208360107644694e-06,156.36798095703125,4.285507678985596,1.5787258234922774e-05,260.59161376953125,712.8574829101562,0.0002901708066929132,4.641046524047852,2.2628254890441895,1.7981667042477056e-05,155.5626983642578,4.306394100189209,7.121347607608186e-06,3.1738686561584473,-0.6202816963195801,5.822534603794338e-06
165,4.784397125244141,2.993549346923828,3.578041514629149e-06,268.9499816894531,716.6212158203125,1.044064219968277e-06,0.8320608139038086,1.0704245567321777,6.057866812625434e-06,156.36798095703125,4.2397356033325195,2.8557018595165573e-05,260.7138366699219,712.6510009765625,2.9091206670273095e-05,265.15631103515625,716.1427001953125,1.9456570953479968e-05,265.9946594238281,714.9860229492188,6.985760137467878e-06,155.8846893310547,1.7782008647918701,5.047847480454948e-06
166,4.784397125244141,2.993549346923828,2.760488087005797e-06,268.9499816894531,3.058553695678711,1.3377871255215723e-06,0.8320608139038086,1.162928819656372,2.500075879652286e-06,156.36798095703125,4.13115119934082,6.197444690769771e-06,260.7138366699219,712.6510009765625,0.00044644554145634174,265.15631103515625,716.3021850585938,7.219924009405077e-05,265.9946594238281,714.9860229492188,4.10331085731741e-06,268.5180358886719,708.3177490234375,2.7527482870937092e-06
167,5.090045928955078,3.2291676998138428,7.061799351504305e-06,271.69854736328125,716.2499389648438,6.531324743264122e-06,138.03622436523438,1.162928819656372,3.7871557196922367e-06,156.33058166503906,4.2397356033325195,8.951376003096811e-06,260.42333984375,711.99560546875,0.0021627633832395077,265.15631103515625,716.3021850585938,6.43394814687781e-05,265.9946594238281,715.416259765625,1.2873197192675434e-05,268.5180358886719,708.3177490234375,6.680174010398332e-06
168,5.775270462036133,3.4043359756469727,2.0057805159012787e-06,271.69854736328125,716.2499389648438,1.0236486787107424e-06,137.59202575683594,1.162928819656372,3.566380200936692e-06,156.33058166503906,4.230895042419434,7.514497610827675e-06,260.9102478027344,711.99560546875,0.00014380854554474354,265.15631103515625,716.3021850585938,3.061661482206546e-05,265.9946594238281,716.5818481445312,4.930519480694784e-06,268.5180358886719,708.3177490234375,2.372529706917703e-06
169,5.775270462036133,3.4043359756469727,6.180569926073076e-06,271.69854736328125,716.2499389648438,1.0740862308011856e-05,137.59202575683594,1.6094939708709717,9.746800060383976e-06,156.22271728515625,4.13115119934082,3.381278656888753e-05,260.9102478027344,712.4654541015625,0.0066916970536112785,265.15631103515625,716.3021850585938,8.873992919689044e-05,265.9946594238281,716.5818481445312,1.1567416549951304e-05,268.5180358886719,708.2290649414062,5.32253443452646e-06
170,5.090045928955078,3.2291676998138428,2.5620395263104e-06,270.093994140625,3.317321300506592,1.8146589582102024e-06,137.59202575683594,1.6094939708709717,1.9554974642232992e-05,156.22271728515625,4.176786422729492,5.4389325669035316e-05,260.6423034667969,713.0071411132812,5.153467282070778e-05,267.044921875,715.9983520507812,1.1945317055506166e-05,265.337158203125,716.5818481445312,1.9026087102247402e-05,155.8572540283203,2.250474214553833,7.1381964517058805e-06
171,4.5965728759765625,3.279421806335449,3.3765850275813136e-06,137.96368408203125,3.317321300506592,2.308032890141476e-06,137.5640106201172,0.7127523422241211,3.5727698559639975e-06,156.22271728515625,4.176786422729492,1.4846280464553274e-05,261.27978515625,713.9054565429688,0.0007201033877208829,265.40728759765625,715.9983520507812,5.813410825794563e-05,2.473217010498047,715.416259765625,5.880553544557188e-06,155.84414672851562,1.4072551727294922,3.3886628898471827e-06
172,4.557621955871582,3.2195205688476562,4.9905365813174285e-06,1.7826125621795654,-2.0624747276306152,2.107121417793678e-06,0.9645910263061523,0.7127523422241211,8.718039680388756e-06,156.3357391357422,4.041959285736084,4.821562106371857e-05,261.27978515625,713.9054565429688,8.202946628443897e-05,265.40728759765625,715.280517578125,0.0003194063319824636,-1.1041107177734375,3.8277528285980225,1.3033241884841118e-05,2.840731620788574,-0.3692755699157715,5.274158411339158e-06
173,4.420036315917969,3.2195205688476562,4.099598754692124e-06,1.7826125621795654,-2.0624747276306152,1.868133381321968e-06,0.9645910263061523,0.7127523422241211,6.490591658803169e-06,156.4745330810547,4.041959285736084,1.2005823009531014e-05,260.6423034667969,713.4834594726562,0.00019368685025256127,265.40728759765625,715.280517578125,3.845540777547285e-05,-1.1041107177734375,3.8277528285980225,1.0503476005396806e-05,2.840731620788574,-0.3692755699157715,5.624106961477082e-06
174,4.369694709777832,3.2195205688476562,5.52590927327401e-06,1.7826125621795654,-2.0624747276306152,1.7493514405941823e-06,137.5640106201172,0.3969106674194336,5.641425559588242e-06,156.5602264404297,4.176786422729492,1.5142933079914656e-05,260.4493408203125,713.4834594726562,6.374774966388941e-05,264.8732604980469,715.1853637695312,2.7772115572588518e-05,-2.1972012519836426,3.8277528285980225,8.068142960837577e-06,2.840731620788574,-0.3692755699157715,5.4913894018682186e-06
175,4.420036315917969,3.2195205688476562,4.1357297959621064e-06,272.05712890625,709.2958984375,1.488303155383619e-06,137.59291076660156,0.3969106674194336,6.719749762851279e-06,156.5602264404297,4.020058631896973,1.7897988072945736e-05,260.2186584472656,712.5892944335938,0.0007796200807206333,263.329345703125,715.1853637695312,6.77878997521475e-05,-1.1041107177734375,4.014748573303223,2.5362163796671666e-05,80.8158950805664,1.7531969547271729,7.5850134635402355e-06
176,4.557621955871582,2.66196870803833,3.092397946602432e-06,272.3168640136719,709.2958984375,2.024998366323416e-06,137.8130645751953,0.34665417671203613,8.230842468037736e-06,156.45150756835938,4.195006847381592,3.790226037381217e-05,260.2186584472656,712.3421020507812,0.0007760215667076409,258.8321228027344,713.0029907226562,2.2946034732740372e-05,2.69199275970459,713.312255859375,6.748129180778051e-06,80.8158950805664,1.7531969547271729,3.868647581839468e-06
177,4.697775840759277,2.66196870803833,2.9199468372098636e-06,292.9571533203125,715.915771484375,1.8359867226536153e-06,137.94747924804688,0.34665417671203613,4.000776698376285e-06,156.45150756835938,4.195006847381592,9.032031812239438e-06,260.2186584472656,712.3421020507812,0.0005797785706818104,263.329345703125,715.1853637695312,5.618700015475042e-05,75.89535522460938,714.304443359375,1.0841147741302848e-05,156.18911743164062,708.6458740234375,4.38017650594702e-06
178,4.7969584465026855,2.66196870803833,4.7131738938333e-06,292.9571533203125,710.3648071289062,1.5187054032139713e-06,137.95982360839844,0.2432398796081543,5.041511030867696e-06,156.43182373046875,4.099699020385742,1.850321132224053e-05,265.9651184082031,711.9058837890625,8.840267400955781e-05,264.8732604980469,715.5172119140625,2.4376415240112692e-05,2.69199275970459,714.304443359375,6.621245120186359e-06,268.3782653808594,708.1130981445312,4.785610144608654e-06
179,4.7969584465026855,2.7673001289367676,3.2489529075974133e-06,288.282958984375,710.3648071289062,1.3750399148193537e-06,137.95982360839844,0.2432398796081543,5.872982001164928e-06,156.43182373046875,4.099699020385742,1.8628192265168764e-05,265.9651184082031,711.9058837890625,0.0003166641399729997,263.329345703125,715.5172119140625,0.0018067789496853948,261.7344970703125,715.3630981445312,9.453713573748246e-05,268.3782653808594,708.1130981445312,3.1427948670170736e-06
180,4.7969584465026855,3.106096029281616,6.921700332895853e-06,288.282958984375,710.3648071289062,2.733872634053114e-06,152.74755859375,0.2862217426300049,4.463693585421424e-06,156.45150756835938,4.317999362945557,1.0097640370076988e-05,265.9651184082031,712.360595703125,0.0007309726788662374,264.730224609375,715.7084350585938,4.963395986123942e-05,266.0191955566406,715.3630981445312,6.942537766008172e-06,268.20880126953125,708.1130981445312,5.331196007318795e-06
181,4.697775840759277,3.106096029281616,3.1020890673971735e-06,288.282958984375,715.84228515625,1.0444696272315923e-06,137.95982360839844,0.2862217426300049,6.7924529503216036e-06,156.43182373046875,4.099699020385742,1.9570570657378994e-05,265.20269775390625,713.85400390625,4.433760477695614e-05,264.730224609375,715.7084350585938,1.4903704141033813e-05,266.0191955566406,715.3630981445312,6.0059969655412715e-06,268.20880126953125,708.1130981445312,3.6523647395370062e-06
182,4.168918132781982,3.6941142082214355,7.613945399498334e-06,270.5780029296875,715.84228515625,2.2049016479286365e-05,137.42601013183594,0.2862217426300049,8.344638445123564e-06,156.43182373046875,3.9783759117126465,1.737558159220498e-05,261.8870849609375,713.081298828125,0.0049726697616279125,264.730224609375,715.5541381835938,0.0003682514070533216,76.4713363647461,714.7323608398438,3.658144487417303e-05,155.46539306640625,708.1130981445312,1.242968937731348e-05
183,4.168918132781982,3.6941142082214355,2.5549759357090807e-06,270.5780029296875,715.84228515625,8.612886972514389e-07,137.0596923828125,0.2862217426300049,3.1927766031003557e-06,156.42037963867188,4.290968418121338,6.206002126418753e-06,261.1272888183594,713.4109497070312,3.152081262669526e-05,5.298923492431641,2.389648914337158,1.1363261364749633e-05,76.4713363647461,715.3630981445312,7.197997547336854e-06,80.95693969726562,708.6249389648438,2.6568782232061494e-06
184,4.445962905883789,3.8226771354675293,3.6636465665651485e-06,288.46160888671875,715.84228515625,1.7782946315492154e-06,137.42601013183594,1.100621223449707,5.051646894571604e-06,156.40789794921875,3.9783759117126465,9.826400855672546e-06,261.1272888183594,713.081298828125,0.00022918700415175408,264.730224609375,715.5541381835938,3.75703202735167e-05,76.4713363647461,715.6605834960938,9.973873602575622e-06,80.95693969726562,708.9302368164062,6.1535688473668415e-06
185,4.168918132781982,3.6941142082214355,3.146759581795777e-06,288.46160888671875,714.8045043945312,1.1751576494134497e-06,137.42601013183594,0.15001273155212402,6.057150130800437e-06,156.40789794921875,3.9783759117126465,1.717300619930029e-05,261.1272888183594,713.3316040039062,0.00013202674745116383,5.298923492431641,2.389648914337158,1.744887777022086e-05,76.4713363647461,715.6605834960938,1.324482036579866e-05,66.9194564819336,708.9302368164062,1.1623394129856024e-05
186,4.168918132781982,3.6941142082214355,9.549379683448933e-06,271.19097900390625,714.8045043945312,2.7877615593752125e-06,137.71646118164062,1.100621223449707,4.67793643110781e-06,156.42037963867188,4.112117290496826,1.1460535461083055e-05,260.83697509765625,713.2649536132812,0.0013419757597148418,264.7227478027344,715.5541381835938,4.5471351768355817e-05,262.7939147949219,714.7021484375,9.473502359469421e-06,80.95693969726562,708.9302368164062,4.826898930332391e-06
187,4.315085411071777,3.5982351303100586,3.887791081069736e-06,271.19097900390625,706.5501098632812,1.3065296116110403e-06,138.24398803710938,0.15001273155212402,4.830914349440718e-06,156.44349670410156,4.290968418121338,2.0289815438445657e-05,260.53802490234375,713.2649536132812,5.573712405748665e-05,5.298923492431641,2.389648914337158,2.277570092701353e-05,262.7939147949219,714.7021484375,9.550964023219422e-06,66.9194564819336,708.9302368164062,3.963684321206529e-06
188,4.315085411071777,3.3939833641052246,3.950883183279075e-06,1.4201107025146484,-2.70927095413208,5.261689238977851e-06,138.24398803710938,0.07302975654602051,8.665553650644142e-06,156.44349670410156,4.325311660766602,1.0391152500233147e-05,260.53802490234375,713.2649536132812,0.002534498693421483,264.7227478027344,715.6421508789062,8.12265498097986e-05,265.1397399902344,714.7021484375,1.4345670024340507e-05,2.595792770385742,-0.5538549423217773,6.736420345987426e-06
189,4.315085411071777,3.3939833641052246,4.3475865822983906e-06,1.4201107025146484,-2.70927095413208,1.422350010216178e-06,138.24398803710938,0.07302975654602051,5.903411420149496e-06,156.66641235351562,4.373526573181152,2.095821764669381e-05,260.53802490234375,713.2649536132812,3.177038888679817e-05,264.7227478027344,715.6421508789062,2.0891109670628794e-05,265.1397399902344,714.7021484375,9.659307579568122e-06,2.595792770385742,-0.5538549423217773,6.140332061477238e-06
190,4.476510524749756,3.5982351303100586,3.4837389648600947e-06,270.069091796875,716.4734497070312,1.0827909591171192e-06,246.60531616210938,710.2508544921875,4.669797363021644e-06,156.66641235351562,4.325311660766602,9.568286259309389e-06,260.53802490234375,712.0570068359375,0.00014170412032399327,265.5039367675781,715.74169921875,1.756861456669867e-05,266.80426025390625,714.7784423828125,5.353924734663451e-06,268.4652099609375,708.2451171875,3.876551090797875e-06
191,4.476510524749756,3.5982351303100586,1.866591082944069e-05,76.93490600585938,716.4734497070312,3.82843500119634e-05,138.24398803710938,-0.03129720687866211,7.289320365089225e-06,156.3511505126953,4.325311660766602,1.9598548533394933e-05,260.8961181640625,712.0570068359375,0.05475696921348572,265.5039367675781,715.86767578125,0.0010548151331022382,266.80426025390625,714.7784423828125,3.3606371289351955e-05,74.36228942871094,708.2451171875,2.0635383407352492e-05
192,268.0134582519531,714.1597900390625,3.39039547725406e-06,270.069091796875,716.870361328125,9.16901626624167e-06,266.8338928222656,710.2508544921875,6.477216174971545e-06,156.3511505126953,4.094507217407227,1.6652564227115363e-05,261.1413879394531,712.662109375,0.0019621422979980707,265.969970703125,715.86767578125,0.0004587038420140743,267.4068908691406,714.7861328125,1.3463187315210234e-05,268.73944091796875,713.5401611328125,5.15228293807013e-06
193,268.2167663574219,716.09130859375,2.5677657049527625e-06,270.1300354003906,716.870361328125,1.0338342235627351e-06,281.2647399902344,710.8668212890625,3.747906475837226e-06,156.3511505126953,4.094507217407227,6.364640739775496e-06,260.8961181640625,712.23193359375,9.501042950432748e-05,265.5039367675781,715.86767578125,1.5866604371694848e-05,266.80426025390625,714.9356689453125,1.0784896403492894e-05,268.73944091796875,713.5401611328125,1.1827371054096147e-05
194,268.0134582519531,714.1597900390625,3.852062491205288e-06,270.1300354003906,716.5612182617188,2.96402890853642e-06,266.8338928222656,710.8668212890625,4.770673058374086e-06,156.2797393798828,4.073706150054932,1.3433214917313308e-05,260.21514892578125,712.662109375,0.00039625834324397147,265.18792724609375,715.74169921875,8.591908408561721e-05,266.418212890625,714.9356689453125,1.0231809937977232e-05,74.36228942871094,713.5401611328125,4.434543825482251e-06
195,5.8682050704956055,3.315037488937378,4.829449608223513e-06,270.1300354003906,716.5612182617188,3.6982025903853355e-06,152.76602172851562,0.33066678047180176,5.135428182256874e-06,156.3511505126953,4.059074401855469,1.4171320799505338e-05,260.21514892578125,712.6897583007812,0.001036168192513287,265.18792724609375,716.0343627929688,3.4818480344256386e-05,266.418212890625,714.9356689453125,6.005132490827236e-06,74.36228942871094,1.6746485233306885,4.342225111031439e-06
196,5.8682050704956055,3.315037488937378,3.845815626846161e-06,270.1300354003906,716.4120483398438,2.299727611898561e-06,152.76602172851562,0.7942705154418945,4.952711151418043e-06,156.47364807128906,4.059074401855469,1.4454942174779717e-05,260.21514892578125,712.6897583007812,0.00016635810607112944,265.1681823730469,715.4638671875,1.7437747374060564e-05,266.418212890625,714.9356689453125,6.714484243275365e-06,3.034271478652954,-0.7818050384521484,4.434679340192815e-06
197,5.115937232971191,3.315037488937378,2.1976911739329807e-06,270.2211608886719,716.4120483398438,1.6148167105711764e-06,152.76602172851562,0.7942705154418945,3.7337717913032975e-06,156.47364807128906,4.101200103759766,1.3866275367035996e-05,259.9046630859375,712.6897583007812,0.00018488784553483129,265.1681823730469,716.0343627929688,7.032377470750362e-05,266.418212890625,714.9356689453125,5.5653317758697085e-06,3.034271478652954,-0.7818050384521484,2.188328153351904e-06
198,5.115937232971191,3.315037488937378,4.9667733037495054e-06,270.2211608886719,715.5936279296875,1.54531608131947e-06,152.76602172851562,0.7942705154418945,5.493175649462501e-06,156.6553192138672,4.29805850982666,1.0659055988071486e-05,259.9046630859375,712.6897583007812,0.00010613748600007966,264.77386474609375,716.54150390625,2.831629171851091e-05,266.1560974121094,715.3003540039062,9.310866516898386e-06,155.82913208007812,1.6746485233306885,4.620219442585949e-06
199,5.115937232971191,3.315037488937378,2.9714044558204478e-06,270.6281433105469,715.1392822265625,2.759698190857307e-06,152.76602172851562,0.7942705154418945,4.755238023790298e-06,156.6553192138672,4.29805850982666,1.8527509382693097e-05,259.9046630859375,712.637939453125,0.0007148933946155012,264.77386474609375,716.54150390625,5.1981452998006716e-05,266.1560974121094,716.125,1.5831054042791948e-05,155.82913208007812,708.7919311523438,6.164205387904076e-06
200,5.115937232971191,3.750307083129883,3.2543641736992868e-06,270.6281433105469,715.1392822265625,2.9332404665183276e-06,248.93780517578125,710.5594482421875,5.981988579151221e-06,156.74195861816406,4.587574005126953,7.4476192821748555e-06,259.9046630859375,712.57275390625,0.0001940545189427212,263.6966247558594,715.190673828125,4.476568938116543e-05,266.1367492675781,715.5745239257812,9.429381861991715e-06,75.65489959716797,708.7919311523438,2.903784888985683e-06
201,268.8678283691406,714.9501953125,2.361218776059104e-06,270.6898193359375,716.72509765625,1.44509192523401e-06,248.93780517578125,710.6549072265625,3.5646291962621035e-06,156.7082061767578,4.587574005126953,1.3687424143427052e-05,259.8338623046875,712.5479736328125,7.941738294903189e-05,264.77386474609375,716.4168701171875,1.232566046382999e-05,266.1560974121094,715.5745239257812,5.1229644668637775e-06,267.1470947265625,712.9082641601562,7.43930104363244e-06
202,287.4084777832031,714.9501953125,3.1486840725847287e-06,279.39373779296875,715.1392822265625,3.1261863568943227e-06,248.1492462158203,710.5594482421875,6.281845344346948e-06,156.7082061767578,4.078680515289307,1.1596102012845222e-05,259.8338623046875,712.5479736328125,0.00019050267292186618,263.6966247558594,715.190673828125,0.00015831300697755069,266.1367492675781,715.3003540039062,1.928861820488237e-05,75.65489959716797,714.1932373046875,3.150885959257721e-06
203,268.8678283691406,714.7108764648438,5.703549504687544e-06,270.6898193359375,716.72509765625,9.847659384831786e-06,152.5309600830078,0.8649680614471436,7.996573913260363e-06,156.42506408691406,4.05234432220459,1.3819331798003986e-05,259.8338623046875,712.5479736328125,0.0024886298924684525,4.984657287597656,2.088308334350586,0.00022876588627696037,74.08384704589844,714.9530639648438,2.1414456568891183e-05,74.93917083740234,714.343017578125,9.993296771426685e-06
204,268.8678283691406,714.9501953125,1.5237224943120964e-05,270.448486328125,716.72509765625,2.3009975848253816e-05,248.1492462158203,712.57421875,5.888146461074939e-06,156.7082061767578,4.078680515289307,1.6811411114758812e-05,259.87884521484375,712.5479736328125,0.0005572689697146416,263.6966247558594,715.190673828125,1.7981821656576358e-05,266.1367492675781,714.9530639648438,2.0244588085915893e-05,74.93917083740234,714.4091186523438,5.368086203816347e-05
205,268.4859619140625,714.7108764648438,3.41113559443329e-06,270.4087219238281,716.9150390625,1.5897206822046428e-06,247.900634765625,712.57421875,7.46517616789788e-06,156.60760498046875,4.05234432220459,4.168736268184148e-05,260.96612548828125,712.5479736328125,8.821875235298648e-05,265.553466796875,715.3488159179688,1.644498661335092e-05,266.9946594238281,714.4022827148438,9.148848221229855e-06,74.93917083740234,714.4091186523438,1.5644382074242458e-05
206,4.413454055786133,3.153977394104004,6.573027803824516e-06,270.4087219238281,716.5819702148438,8.090672963589896e-06,246.97335815429688,712.57421875,5.8568907661538105e-06,156.42848205566406,4.05234432220459,2.435183159832377e-05,260.96612548828125,712.6727294921875,0.0023744895588606596,265.4005432128906,715.3488159179688,0.0009194537415169179,267.6360778808594,714.4022827148438,3.3185544452862814e-05,74.93917083740234,714.343017578125,1.537582284072414e-05
207,4.371408939361572,3.109043598175049,3.185173682140885e-06,270.4087219238281,716.5819702148438,3.5247130654170178e-06,246.97335815429688,712.57421875,1.2473995411710348e-05,156.42848205566406,4.260629653930664,1.1978238944720943e-05,260.96612548828125,712.6727294921875,0.002491484396159649,266.52325439453125,716.688232421875,9.54537681536749e-05,268.0331726074219,715.428955078125,5.996725121804047e-06,74.47454833984375,709.085205078125,2.906802137658815e-06
208,4.371408939361572,3.109043598175049,2.5210226795024937e-06,270.4087219238281,716.5819702148438,1.2519094525487162e-06,246.97335815429688,712.57421875,5.3238031796354335e-06,156.60760498046875,4.279417514801025,1.5166750017669983e-05,260.96612548828125,712.601318359375,0.0005032495246268809,266.52325439453125,716.688232421875,2.1770500097773038e-05,268.0331726074219,715.428955078125,6.491805379482685e-06,268.2672424316406,708.4417114257812,4.19461275669164e-06
209,4.313523292541504,3.083571434020996,3.1249048788595246e-06,270.4087219238281,716.5819702148438,1.224604716298927e-06,246.97335815429688,1.2029788494110107,4.50443803856615e-06,156.60760498046875,4.260629653930664,9.364644029119518e-06,261.05517578125,712.601318359375,3.313327033538371e-05,265.90704345703125,716.1237182617188,3.1392301025334746e-05,267.6360778808594,714.4022827148438,6.668569767498411e-06,2.9246726036071777,-0.8059115409851074,3.5578875667852117e-06
210,4.371408939361572,3.083571434020996,6.646969268331304e-06,270.716552734375,716.3564453125,5.175354544917354e-06,246.97335815429688,1.2029788494110107,7.016345989541151e-06,156.63478088378906,4.279417514801025,1.213089308294002e-05,261.05517578125,712.6083984375,0.0013741428265348077,265.4005432128906,716.6644897460938,8.221529424190521e-05,266.85638427734375,715.428955078125,1.2579132999235298e-05,268.0934143066406,708.4417114257812,7.155644652812043e-06
211,4.371408939361572,3.109043598175049,2.974894869112177e-06,271.0601806640625,715.514404296875,9.166298582385934e-07,266.13421630859375,1.2029788494110107,3.3919868656084873e-06,156.63478088378906,4.279417514801025,1.4634050785389263e-05,261.4449157714844,712.601318359375,7.168470619944856e-05,265.90704345703125,716.6644897460938,1.6920947018661536e-05,266.85638427734375,715.209228515625,5.230295755609404e-06,268.0934143066406,708.4417114257812,2.958533059427282e-06
212,5.053640365600586,3.083571434020996,6.182574452395784e-06,270.189453125,714.8799438476562,5.979484285489889e-06,266.13421630859375,1.2029788494110107,7.716776053712238e-06,156.63478088378906,4.190885066986084,1.2731633432849776e-05,261.4449157714844,712.601318359375,0.0010373602854087949,264.80194091796875,716.1237182617188,0.00015095886192284524,265.9510498046875,715.209228515625,2.281761589983944e-05,268.0934143066406,708.4417114257812,1.2239521311130375e-05
213,5.053640365600586,3.1722707748413086,5.49658170712064e-06,269.04315185546875,714.8799438476562,3.3786980111472076e-06,266.13421630859375,710.1082763671875,9.484314432484098e-06,156.53387451171875,3.9986588954925537,2.6436635380377993e-05,261.4449157714844,712.6083984375,0.0010127091081812978,264.80194091796875,716.6644897460938,6.896329432493076e-05,265.9510498046875,715.5991821289062,1.0031500096374657e-05,268.0934143066406,708.5036010742188,4.423068730829982e-06
214,5.053640365600586,3.1722707748413086,2.43661088461522e-06,271.0601806640625,716.3564453125,8.770473982622207e-07,264.7859802246094,710.1082763671875,5.460708507598611e-06,156.53387451171875,3.9986588954925537,1.965501724043861e-05,260.8338623046875,712.2992553710938,2.027803384407889e-05,265.6489562988281,716.6644897460938,1.8072352759190835e-05,265.9510498046875,715.5991821289062,8.033064659684896e-06,268.0934143066406,708.5036010742188,3.323795453979983e-06
215,4.292386054992676,3.1722707748413086,3.242795855840086e-06,271.16986083984375,716.764892578125,2.2468211682280526e-06,152.79884338378906,1.0523669719696045,3.956078671762953e-06,156.53387451171875,3.967989683151245,1.2596839042089414e-05,260.9571533203125,712.2992553710938,0.0004437031166162342,265.6489562988281,716.2713623046875,6.56105694361031e-05,169.9159698486328,715.209228515625,1.1684296623570845e-05,268.0478515625,708.5036010742188,4.823074959858786e-06
216,4.292386054992676,3.1722707748413086,3.0693074677401455e-06,271.16986083984375,716.82080078125,1.6335510508724838e-06,137.03826904296875,0.3066432476043701,5.456543931359192e-06,156.54991149902344,3.967989683151245,1.765181150403805e-05,260.6423034667969,712.3671875,0.0007988779689185321,264.8345947265625,716.1688232421875,2.8121963623561896e-05,169.9159698486328,714.4215698242188,8.83693701325683e-06,268.0478515625,708.0033569335938,3.19225296152581e-06
217,4.292386054992676,3.2726898193359375,4.788221303897444e-06,271.16986083984375,716.82080078125,2.195992237830069e-06,152.79884338378906,1.0523669719696045,5.837195658386918e-06,156.54991149902344,3.967989683151245,2.054341348411981e-05,260.19171142578125,712.7869873046875,0.00019225773576181382,265.6409912109375,716.2713623046875,2.6735377105069347e-05,169.9159698486328,714.4215698242188,7.394386102532735e-06,268.0478515625,708.0033569335938,5.664514901582152e-06
218,268.66290283203125,715.5913696289062,3.471110403552302e-06,271.5269775390625,716.82080078125,6.3062157096283045e-06,152.79884338378906,1.0523669719696045,7.107681994966697e-06,156.55465698242188,4.163511753082275,3.3288080885540694e-05,259.46759033203125,712.7869873046875,0.0014398811617866158,264.8345947265625,716.2713623046875,5.788114503957331e-05,169.9159698486328,714.4215698242188,1.018570128508145e-05,252.39117431640625,708.0033569335938,5.1637543947435915e-06
219,268.66290283203125,715.5913696289062,4.765889116242761e-06,271.5269775390625,716.05908203125,3.522055294524762e-06,248.03451538085938,709.7879028320312,3.935510449082358e-06,156.55465698242188,4.163511753082275,1.2658618288696744e-05,260.19171142578125,712.859375,0.0002666570362634957,264.2262878417969,716.1688232421875,3.1497376767219976e-05,170.2254180908203,714.4215698242188,6.217785539774923e-06,252.39117431640625,708.0033569335938,3.905945959559176e-06
220,268.66290283203125,715.8432006835938,2.153764398826752e-06,271.5269775390625,715.0218505859375,2.3897516712168e-06,249.6854248046875,711.2611694335938,5.359288934414508e-06,170.5040283203125,4.404415130615234,4.976996024197433e-06,258.9575500488281,712.859375,0.0004762888129334897,264.2262878417969,716.1688232421875,4.879692642134614e-05,261.80029296875,715.3129272460938,8.140631507558282e-06,252.39117431640625,708.0033569335938,2.7299956855131313e-06
221,268.66290283203125,715.8432006835938,2.2200583771336824e-06,271.350341796875,715.0218505859375,6.741444735780533e-07,249.6854248046875,711.2611694335938,2.4381752155022696e-06,170.5040283203125,4.163511753082275,7.237845693452982e-06,258.9575500488281,712.859375,2.669675086508505e-05,264.2262878417969,716.069580078125,1.0742276572273113e-05,170.2254180908203,715.3129272460938,6.426516392821213e-06,252.39117431640625,708.5496215820312,1.8625032680574805e-06
222,267.84515380859375,715.8432006835938,8.976550816441886e-06,271.53515625,715.8231811523438,1.3808712537866086e-05,249.6854248046875,712.893310546875,2.5812405510805547e-05,170.5040283203125,4.133814811706543,1.5788145901751705e-05,261.66217041015625,712.4654541015625,0.015150517225265503,264.2262878417969,715.9644165039062,0.0009615779854357243,261.80029296875,715.3129272460938,2.2606349375564605e-05,253.92990112304688,712.41552734375,7.803956577845383e-06
223,5.254726886749268,3.6128759384155273,4.335579433245584e-06,271.350341796875,714.6050415039062,4.184241333859973e-06,248.03451538085938,712.893310546875,9.240196959581226e-06,156.64950561523438,4.133814811706543,6.295219645835459e-05,261.66217041015625,712.4654541015625,0.0004183449491392821,265.9779052734375,715.84326171875,4.4029853597749025e-05,170.2254180908203,715.3129272460938,1.1305162843200378e-05,253.92990112304688,708.5496215820312,7.914869456726592e-06
224,5.254726886749268,3.6128759384155273,2.7694611617334886e-06,270.9747314453125,715.8231811523438,4.1649245758890174e-06,152.28773498535156,0.8454229831695557,8.906746188586112e-06,156.4808349609375,4.143604755401611,9.36570722842589e-06,259.38726806640625,711.8663330078125,0.00032285143970511854,265.9779052734375,715.84326171875,0.0006210011779330671,169.9522247314453,716.0604248046875,6.508691876661032e-05,253.92990112304688,708.5496215820312,1.0276940884068608e-05
225,5.254726886749268,3.6128759384155273,4.486692887439858e-06,270.82379150390625,716.68017578125,1.363335172754887e-06,152.28773498535156,0.8454229831695557,5.365957349567907e-06,156.4808349609375,4.143604755401611,1.2735920790873934e-05,260.75634765625,712.4654541015625,0.0001182921914733015,266.6288146972656,715.84326171875,4.785484270541929e-05,169.9522247314453,716.136474609375,7.615694812557194e-06,269.0158996582031,708.5496215820312,5.518194484466221e-06
226,5.254726886749268,3.6128759384155273,3.142645255138632e-06,269.6417541503906,716.68017578125,1.0031327519754996e-06,152.28773498535156,0.8454229831695557,4.004926267953124e-06,156.44284057617188,4.396808624267578,2.128384767274838e-05,260.75634765625,712.4654541015625,0.00016230266191996634,267.12103271484375,715.7514038085938,1.4823473975411616e-05,267.89337158203125,716.136474609375,6.9327197707025334e-06,155.2548065185547,712.6231689453125,3.4924375995615264e-06
227,4.767810821533203,3.149073600769043,5.389729267335497e-06,269.6417541503906,717.242919921875,8.068089300650172e-06,152.28773498535156,0.8454229831695557,1.2589021025632974e-05,156.44284057617188,4.396808624267578,2.3977090677362867e-05,260.75634765625,712.4172973632812,0.0014332440914586186,266.533203125,715.7514038085938,0.00029612475191242993,3.1450281143188477,716.136474609375,2.398347351117991e-05,75.33544921875,1.973374843597412,1.6959411368588917e-05
228,4.767810821533203,3.149073600769043,4.97322889714269e-06,270.9185791015625,717.242919921875,3.706263441927149e-06,152.28773498535156,0.3009953498840332,6.080265393393347e-06,156.44284057617188,4.4039130210876465,1.7541709894430824e-05,260.75634765625,712.4172973632812,0.0005728290998376906,266.533203125,716.0474243164062,9.872204827843234e-05,262.0437316894531,716.0604248046875,1.0212975212198216e-05,155.2548065185547,1.973374843597412,5.636682089971146e-06
229,4.575085163116455,3.149073600769043,2.6756997613119893e-06,270.9185791015625,716.6819458007812,2.399734057689784e-06,137.62136840820312,0.3009953498840332,5.573058842855971e-06,156.37796020507812,4.4039130210876465,8.465068276564125e-06,260.78240966796875,713.2323608398438,0.0002022898697759956,266.533203125,716.0474243164062,2.803395182127133e-05,262.0437316894531,716.136474609375,2.065048465738073e-05,155.66436767578125,712.6231689453125,2.767011437754263e-06
230,4.498427391052246,3.132955312728882,2.864808266167529e-06,271.0115966796875,716.6819458007812,2.608781642265967e-06,137.40261840820312,0.3009953498840332,7.73500414652517e-06,156.3402557373047,4.140310764312744,2.0057337678736076e-05,260.78240966796875,712.4172973632812,0.00045737347682006657,265.084716796875,716.0474243164062,5.399753717938438e-05,2.7083380222320557,715.2469482421875,8.408345820498653e-06,75.33544921875,1.8460619449615479,4.537589575193124e-06
231,4.4090423583984375,2.9240975379943848,3.0344374408741714e-06,271.0115966796875,716.5311889648438,1.169010943158355e-06,137.62136840820312,0.8808279037475586,3.2210664357990026e-06,156.3402557373047,4.140310764312744,7.3404048634984065e-06,259.6902160644531,712.6085205078125,0.0001622505224077031,265.084716796875,716.9982299804688,1.3135135304764844e-05,2.685214042663574,715.7402954101562,1.1918030395463575e-05,2.73710298538208,-0.5938577651977539,3.0961957691033604e-06
232,4.4090423583984375,2.871297597885132,3.7906352190475445e-06,271.0115966796875,716.49853515625,2.7888834210898494e-06,136.95347595214844,0.8289508819580078,4.963421361026121e-06,156.37796020507812,4.0486884117126465,1.3410214705800172e-05,259.6902160644531,713.4217529296875,0.00044923683162778616,265.084716796875,717.1493530273438,2.417134055576753e-05,2.685214042663574,715.7402954101562,9.353567293146625e-06,2.9305315017700195,-0.5938577651977539,4.746597824123455e-06
233,4.498427391052246,2.9240975379943848,3.305347718196572e-06,270.9716796875,715.9494018554688,2.5990125323005486e-06,137.62136840820312,0.8808279037475586,4.60759520137799e-06,156.45681762695312,4.0486884117126465,1.1972824722761288e-05,259.6902160644531,712.6085205078125,0.0005321484059095383,264.43597412109375,717.2510375976562,4.038668339489959e-05,2.685214042663574,716.3875122070312,1.0927498806267977e-05,2.9305315017700195,-0.5938577651977539,3.902694970747689e-06
234,4.4090423583984375,2.9240975379943848,3.549316716089379e-06,270.4468688964844,716.49853515625,1.0830955261553754e-06,249.06796264648438,713.9456176757812,3.7579777654173085e-06,156.60684204101562,4.0486884117126465,4.402695594762918e-06,259.6902160644531,712.6085205078125,0.00019860472821164876,265.8664245605469,717.2510375976562,1.9278228137409315e-05,266.55120849609375,715.7402954101562,5.14552175445715e-06,2.7046968936920166,-0.9204182624816895,3.310663487354759e-06
235,4.797375679016113,3.882908582687378,1.2252448868821375e-05,270.08935546875,715.9494018554688,2.0666835553129204e-05,249.06796264648438,713.9456176757812,1.4216097952157725e-05,156.60684204101562,4.182572364807129,1.3107254744681995e-05,259.92364501953125,712.6085205078125,0.028144052252173424,266.4372253417969,716.9982299804688,0.0003439120773691684,266.55120849609375,716.3875122070312,2.6100407922058366e-05,2.9305315017700195,-0.9204182624816895,7.98919518274488e-06
236,267.989501953125,713.9330444335938,5.345786576071987e-06,269.5439453125,715.9494018554688,7.611773980897851e-06,249.06796264648438,714.2461547851562,6.8888134592270944e-06,171.1360321044922,4.757381439208984,8.962839274317957e-06,261.5982666015625,712.7781982421875,0.001959060551598668,266.81085205078125,716.5184936523438,0.00038927141577005386,267.91326904296875,716.3875122070312,1.3945140381110832e-05,155.58474731445312,1.575711727142334,5.807378329336643e-06
237,269.4388427734375,714.8837890625,5.21726860824856e-06,270.08935546875,716.50146484375,1.0884187986448524e-06,249.06796264648438,714.2461547851562,5.662311195919756e-06,156.60684204101562,4.757381439208984,2.650246642588172e-05,259.92364501953125,712.7781982421875,0.000327146437484771,266.4372253417969,716.5184936523438,3.1101531931199133e-05,266.6812438964844,715.7625122070312,9.771939403435681e-06,267.58648681640625,714.1923217773438,5.6232488532259595e-06
238,269.4388427734375,713.9330444335938,5.450734533951618e-06,269.5439453125,716.9170532226562,1.1374787391105201e-05,248.3052520751953,713.7099609375,1.1530631127243396e-05,156.44984436035156,4.343727111816406,1.7546110029798e-05,260.7962646484375,713.0491943359375,0.0030255832243710756,266.81085205078125,715.4849853515625,0.0003602092037908733,267.91326904296875,715.5260620117188,2.6571557100396603e-05,267.58648681640625,714.0245361328125,1.3413334272627253e-05
239,269.4388427734375,713.9330444335938,3.418991582293529e-06,269.2372131347656,716.50146484375,5.475043508340605e-06,247.1080322265625,713.6475830078125,7.537817054981133e-06,156.44984436035156,4.343727111816406,1.5005789464339614e-05,260.7962646484375,713.0491943359375,0.000501304748468101,266.81085205078125,715.4849853515625,5.1273731514811516e-05,266.6812438964844,715.3116455078125,1.2772897207469214e-05,267.58648681640625,714.0245361328125,4.384544354252284e-06
240,4.6434102058410645,3.183763027191162,2.1335256406018743e-06,269.2372131347656,716.9170532226562,1.4248372508518514e-06,248.3052520751953,713.6475830078125,5.898836207052227e-06,156.4722442626953,4.343727111816406,6.14894588579773e-06,259.8634033203125,713.1334228515625,0.00022206483117770404,265.6814270019531,715.4849853515625,2.8053718779119663e-05,266.6812438964844,714.5189819335938,4.383181476441678e-06,267.58648681640625,714.0245361328125,2.7413891530159162e-06
241,4.6434102058410645,3.183763027191162,4.663641902880045e-06,269.2372131347656,716.50146484375,1.253550863111741e-06,248.3052520751953,713.3106689453125,4.665425876737572e-06,156.4722442626953,4.343727111816406,8.310545126732904e-06,259.8634033203125,713.0491943359375,1.834378417697735e-05,265.6814270019531,715.2661743164062,2.7119867809233256e-05,266.6812438964844,715.3116455078125,8.543583135178778e-06,267.58648681640625,708.8771362304688,4.7043045015016105e-06
242,4.488335132598877,2.8746988773345947,4.134531536692521e-06,269.2372131347656,716.471435546875,2.174526798626175e-06,247.1080322265625,712.9237670898438,6.2398116824624594e-06,156.4722442626953,4.466424942016602,4.338759936217684e-06,259.91436767578125,712.3084106445312,6.790785118937492e-05,265.6898498535156,715.2661743164062,3.1842399039305747e-05,-1.95355224609375,4.282995700836182,7.3512351264071185e-06,3.1418614387512207,-0.37493228912353516,4.94993946631439e-06
243,4.2636189460754395,3.183763027191162,2.5621455279178917e-05,252.8034210205078,716.1605224609375,6.0487542214104906e-05,137.53456115722656,0.676490306854248,9.386460078530945e-06,156.63693237304688,4.466424942016602,1.7318872778560035e-05,259.91436767578125,712.3084106445312,0.02165369689464569,265.33856201171875,715.2661743164062,0.00095881283050403,-1.95355224609375,4.157341957092285,3.531453330651857e-05,3.1066133975982666,-0.964057445526123,1.4651379387942143e-05
244,4.2636189460754395,3.2552337646484375,3.063716121687321e-06,269.71112060546875,716.471435546875,2.40224812841916e-06,137.53456115722656,0.6936609745025635,5.694586889148923e-06,157.01715087890625,4.466424942016602,2.260986548208166e-05,260.0565490722656,712.771728515625,0.0008188121137209237,265.6898498535156,715.4564208984375,1.9989223801530898e-05,-1.718177318572998,4.157341957092285,7.728095624770503e-06,2.3549652099609375,-1.2204780578613281,4.094367341167526e-06
245,4.3769330978393555,3.2552337646484375,4.200557668809779e-06,270.87469482421875,716.1605224609375,1.432654244126752e-06,137.53456115722656,0.676490306854248,6.074052180338185e-06,156.63693237304688,4.391912937164307,2.368756577197928e-05,260.4769592285156,712.771728515625,5.8511643146630377e-05,266.0621643066406,715.4564208984375,2.263309943373315e-05,2.4329004287719727,714.8485717773438,8.840113878250122e-06,2.3549652099609375,-1.314432144165039,5.7880592976289336e-06
246,3.9963033199310303,3.243450164794922,2.81065240415046e-06,269.71112060546875,1.0716476440429688,2.0492045678111026e-06,137.53456115722656,0.38223695755004883,4.100204932910856e-06,156.63693237304688,4.228428840637207,5.084687472844962e-06,260.7373046875,713.9344482421875,0.000300349056487903,265.6898498535156,715.4564208984375,6.608686089748517e-05,2.4329004287719727,461.7690734863281,6.1472687775676604e-06,2.3549652099609375,-1.314432144165039,3.86102556149126e-06
247,4.3769330978393555,3.2552337646484375,2.523170678614406e-06,269.71112060546875,1.0716476440429688,9.878311857391964e-07,0.7081153392791748,0.676490306854248,2.7093915377918165e-06,156.64512634277344,4.126914024353027,1.110904759116238e-05,260.7463073730469,713.9344482421875,2.7719328500097618e-05,264.8789367675781,715.4564208984375,1.639830406929832e-05,266.3324890136719,714.7494506835938,1.1902503501914907e-05,3.455500364303589,-1.2204780578613281,1.9722406250366475e-06
248,4.3769330978393555,3.522141933441162,3.195780209352961e-06,269.71112060546875,1.0716476440429688,1.1631259440036956e-06,0.7081153392791748,0.6936609745025635,9.195198799716309e-06,156.64512634277344,4.080611705780029,5.126757605466992e-05,261.146240234375,714.064697265625,9.063957986654714e-05,264.8789367675781,715.4564208984375,2.0407898773555644e-05,268.8671875,714.8485717773438,2.7682315703714266e-05,3.455500364303589,-0.7108588218688965,5.787353074993007e-06
249,4.721986770629883,3.243450164794922,7.2400957833451685e-06,271.7255859375,1.0716476440429688,6.528247922688024e-06,152.4396209716797,1.1121721267700195,6.523449883388821e-06,156.5966033935547,4.126914024353027,2.2670341422781348e-05,261.146240234375,713.9344482421875,0.000776344386395067,264.1112060546875,715.15625,6.295298226177692e-05,266.65789794921875,714.7494506835938,2.0077928638784215e-05,3.455500364303589,-0.7108588218688965,6.499814844573848e-06
250,4.277189254760742,3.301126480102539,3.6859744341199985e-06,271.7255859375,715.0455322265625,1.1637729357971693e-06,152.4396209716797,1.1227562427520752,4.7364192141685635e-06,156.5966033935547,4.228428840637207,2.1503190509974957e-05,261.146240234375,713.1725463867188,4.844103750656359e-05,264.1112060546875,715.15625,1.858429459389299e-05,266.65789794921875,714.6199951171875,7.585570983792422e-06,2.7707042694091797,-0.7108588218688965,4.561930836644024e-06
251,4.721986770629883,3.301126480102539,3.530486310410197e-06,271.8873291015625,715.6646118164062,5.209288701735204e-06,248.10072326660156,710.4869995117188,4.349200025899336e-06,156.56008911132812,4.126914024353027,7.792741598677821e-06,261.1040954589844,713.1199951171875,0.003725122194737196,264.1112060546875,715.15625,0.00020516391668934375,266.65789794921875,714.7494506835938,1.2698045793513302e-05,2.7707042694091797,-0.9879050254821777,3.46066235579201e-06
252,4.483969688415527,3.301126480102539,3.838541942968732e-06,271.7255859375,715.0455322265625,1.2923873100589844e-06,248.10072326660156,710.4869995117188,5.10188692715019e-06,156.54576110839844,3.925654411315918,1.1334417649777606e-05,260.5796813964844,712.8768310546875,7.99854242359288e-05,264.1112060546875,715.15625,2.1716712581110187e-05,266.65789794921875,714.6199951171875,6.602888788620476e-06,2.7707042694091797,-0.9879050254821777,3.769776867557084e-06
253,4.483969688415527,2.6962976455688477,2.5943643322534626e-06,272.195556640625,715.6646118164062,9.460154046792013e-07,248.10072326660156,710.4869995117188,4.391587481222814e-06,156.54576110839844,4.2704877853393555,4.954147243552143e-06,259.6566467285156,712.3507690429688,0.0001728352071950212,264.1112060546875,716.5471801757812,1.1479709428385831e-05,261.36212158203125,714.6199951171875,5.2720060921274126e-06,2.7707042694091797,-0.9879050254821777,2.234150542790303e-06
254,4.483969688415527,3.207883834838867,4.12493318435736e-06,272.195556640625,715.6646118164062,1.0735737987488392e-06,296.15740966796875,710.4869995117188,4.734554750029929e-06,156.54576110839844,4.2704877853393555,1.7748245227267034e-05,259.4455871582031,712.3507690429688,0.00012448338384274393,264.1199645996094,716.65869140625,2.0004403268103488e-05,261.36212158203125,715.0983276367188,5.107441666041268e-06,3.1195569038391113,-0.826385498046875,3.852907411783235e-06
255,4.544087886810303,3.0304136276245117,5.145536306372378e-06,271.5220031738281,715.6646118164062,3.4693864563450916e-06,151.84503173828125,1.3454854488372803,5.8762648222909775e-06,156.56008911132812,4.236761093139648,1.4929581084288657e-05,259.4455871582031,712.3507690429688,0.0007299337885342538,263.142333984375,716.5471801757812,6.993536226218566e-05,261.36212158203125,715.5614624023438,1.4023959010955878e-05,3.1195569038391113,-0.826385498046875,5.614889232674614e-06
256,4.544087886810303,3.207883834838867,2.599706704131677e-06,271.5220031738281,715.382080078125,4.545346200757194e-06,151.84503173828125,1.3454854488372803,7.236347300931811e-06,156.54576110839844,4.236761093139648,6.034455964254448e-06,258.41461181640625,712.3507690429688,0.0011248334776610136,263.142333984375,716.5471801757812,4.754443216370419e-05,75.82423400878906,715.0983276367188,9.094635061046574e-06,3.1195569038391113,-0.8242425918579102,3.3580397484911373e-06
257,4.905693054199219,3.207883834838867,3.526972932377248e-06,271.5220031738281,716.0867309570312,8.715161925465509e-07,248.67274475097656,710.0642700195312,4.1408684410271235e-06,156.61936950683594,4.2704877853393555,1.5223990885715466e-05,259.3668518066406,712.6615600585938,9.84134676400572e-05,263.142333984375,715.619140625,1.5404810255859047e-05,261.36212158203125,715.5614624023438,4.816272394236876e-06,3.339444875717163,-0.8168396949768066,2.980944145747344e-06
258,5.069697380065918,3.207883834838867,3.1408114864461822e-06,270.121826171875,715.382080078125,1.1276071063548443e-06,248.67274475097656,710.0642700195312,3.96178711525863e-06,156.61936950683594,4.236761093139648,1.718308158160653e-05,259.4455871582031,712.921630859375,1.9725208403542638e-05,5.128324508666992,2.428779363632202,1.7045818822225556e-05,75.82423400878906,715.5614624023438,2.3267040887731127e-05,3.339444875717163,-0.8168396949768066,3.2107982406159863e-06
259,5.31087589263916,4.100089073181152,3.7706217881350312e-06,252.71047973632812,715.382080078125,4.74881653644843e-06,248.67274475097656,710.0642700195312,2.6160438210354187e-05,156.61936950683594,4.236761093139648,6.202991244208533e-06,259.3668518066406,712.921630859375,0.0023174062371253967,5.128324508666992,2.428779363632202,0.0006949373055249453,75.82423400878906,714.336181640625,2.0327366655692458e-05,3.339444875717163,-0.8168396949768066,3.2092461879074108e-06
260,5.31087589263916,4.100089073181152,2.5899960292008473e-06,252.71047973632812,715.382080078125,9.115588568420208e-07,248.67274475097656,710.0642700195312,3.863861820718739e-06,156.47509765625,4.338165283203125,7.712361366429832e-06,252.09254455566406,710.4782104492188,1.9063792933593504e-05,5.128324508666992,2.428779363632202,1.4329752957564779e-05,75.82423400878906,712.7855224609375,6.022664365445962e-06,76.17986297607422,712.890625,3.042991920665372e-06
261,5.31087589263916,3.202782154083252,3.7436200273077702e-06,252.71047973632812,716.0867309570312,4.362189429230057e-06,137.87464904785156,0.9216878414154053,1.1907884982065298e-05,156.9378662109375,4.338165283203125,9.734249942994211e-06,259.3668518066406,712.921630859375,0.0021804245188832283,260.2803039550781,715.619140625,6.32465016678907e-05,169.95358276367188,712.511474609375,1.007431546895532e-05,155.62445068359375,712.890625,5.093063919048291e-06
262,5.134307384490967,3.19925594329834,4.1018083720700815e-06,252.71047973632812,1.1821074485778809,1.3200913144828519e-06,137.02552795410156,0.15328073501586914,4.797871042683255e-06,156.47509765625,4.338165283203125,6.4210521486529615e-06,260.0436706542969,713.02197265625,2.013412995438557e-05,5.175502777099609,2.1649599075317383,1.634486034163274e-05,169.50880432128906,3.77365779876709,8.431696187471971e-06,155.3770294189453,2.22898530960083,4.949736648995895e-06
263,4.510508060455322,3.19925594329834,2.5677240955701564e-06,252.71047973632812,1.1821074485778809,1.1131814972031862e-06,136.57135009765625,0.6581590175628662,5.610318112303503e-06,156.444091796875,4.338165283203125,1.3511459656001534e-05,260.53375244140625,712.746337890625,0.00013079449126962572,260.2803039550781,716.4059448242188,4.400630496093072e-05,169.50880432128906,3.858762741088867,5.521968887478579e-06,155.3770294189453,2.22898530960083,3.0718724701728206e-06
264,4.510508060455322,3.19925594329834,2.7458452223072527e-06,251.78921508789062,1.1821074485778809,1.0330920758860884e-06,136.57135009765625,0.6581590175628662,8.628140676592011e-06,156.444091796875,4.338165283203125,3.0053330192458816e-05,260.53375244140625,712.746337890625,1.4218918295227922e-05,258.65838623046875,716.4059448242188,1.3225054317445029e-05,169.50880432128906,3.858762741088867,7.04885405866662e-06,155.3770294189453,2.22898530960083,6.742365258105565e-06
265,4.681325912475586,3.184349775314331,3.988076514360728e-06,269.63623046875,716.8712768554688,1.1554026286830776e-06,136.8954315185547,0.15328073501586914,4.3363115764805116e-06,156.444091796875,4.192140102386475,9.502114153292496e-06,260.53375244140625,712.746337890625,0.0002690280962269753,264.0299377441406,716.4059448242188,2.2369144062395208e-05,169.95358276367188,3.858762741088867,7.48367438063724e-06,155.3770294189453,2.22898530960083,3.7808549677720293e-06
266,5.134307384490967,3.19925594329834,5.0892717808892485e-06,271.338134765625,716.8712768554688,2.188866346841678e-05,136.8954315185547,0.6581590175628662,1.2095405509171542e-05,156.444091796875,4.714810848236084,1.1924771570193116e-05,260.53375244140625,712.746337890625,0.017655234783887863,264.0299377441406,716.8372802734375,0.001023830845952034,260.11322021484375,466.525634765625,2.8098484108340926e-05,155.3770294189453,712.7398071289062,4.777643880515825e-06
267,4.681325912475586,3.184349775314331,2.5384679247508757e-06,268.0514831542969,717.2073974609375,2.797890374495182e-06,246.47633361816406,712.9609375,4.390883987070993e-06,156.2715301513672,4.425545692443848,2.2722613721271046e-05,260.53375244140625,712.6369018554688,0.001276727532967925,265.9947814941406,716.8372802734375,2.7509913707035594e-05,260.11322021484375,466.525634765625,1.3248953109723516e-05,155.91281127929688,712.7398071289062,1.8134727724827826e-05
268,4.681325912475586,3.184349775314331,3.2552643460803665e-06,271.338134765625,717.2073974609375,2.3792115371179534e-06,246.47633361816406,712.9609375,3.919778464478441e-06,156.73695373535156,4.696982383728027,1.1199453183508012e-05,259.2342834472656,712.6369018554688,0.0007114408072084188,264.0299377441406,716.8372802734375,2.7926233087782748e-05,260.11322021484375,466.525634765625,7.360923518717755e-06,155.91281127929688,712.7398071289062,6.942941581655759e-06
269,4.681325912475586,3.184349775314331,2.4267549179057823e-06,271.338134765625,717.2073974609375,2.4550961370550795e-06,152.0724639892578,0.6244680881500244,7.41175335861044e-06,156.73695373535156,4.696982383728027,1.6510703062522225e-05,262.4018249511719,712.6369018554688,0.0003032586246263236,265.9947814941406,716.9945678710938,3.11142866848968e-05,267.4226989746094,466.525634765625,8.457039257336874e-06,155.91281127929688,712.9404907226562,4.166934559179936e-06
270,4.454074859619141,3.053217649459839,4.4150447138235904e-06,271.338134765625,717.2073974609375,2.3820402930141427e-06,246.47633361816406,712.9609375,8.388226888200734e-06,156.73695373535156,4.696982383728027,4.4534441258292645e-05,262.4018249511719,712.6209716796875,0.0004222996940370649,265.9947814941406,716.9945678710938,4.7156103391898796e-05,261.1265869140625,714.2894287109375,7.82292045187205e-06,267.0531921386719,714.2119140625,4.995875315216836e-06
271,4.454074859619141,3.053217649459839,3.4593128930282546e-06,268.89239501953125,716.4639892578125,1.2204553740957635e-06,153.10169982910156,0.6244680881500244,4.1264011088060215e-06,156.73695373535156,4.425545692443848,8.433554285147693e-06,261.77294921875,712.6209716796875,0.0001868534309323877,263.38653564453125,716.6978759765625,3.2886753615457565e-05,169.65487670898438,714.2894287109375,7.856009688111953e-06,155.91281127929688,2.504117965698242,6.065930847398704e-06
272,4.774397373199463,3.502408981323242,3.5089365155727137e-06,271.7901611328125,715.764892578125,6.257444965740433e-06,153.10169982910156,0.6244680881500244,1.0082109838549513e-05,156.73695373535156,4.389194011688232,1.849624459282495e-05,261.77294921875,712.6209716796875,0.0013707887846976519,263.38653564453125,716.6978759765625,3.7470705137820914e-05,261.1265869140625,714.2894287109375,1.1195586921530776e-05,267.0531921386719,708.3846435546875,3.974233550252393e-06
273,4.774397373199463,3.502408981323242,2.5373203698109137e-06,270.8730773925781,716.4204711914062,1.2832142601837404e-06,153.10169982910156,0.6244680881500244,8.285845979116857e-06,156.43243408203125,4.389194011688232,3.464895416982472e-05,261.77294921875,711.8892822265625,4.601382170221768e-05,265.744873046875,716.3502197265625,1.3412182852334809e-05,266.3682861328125,714.7855224609375,9.590036825102288e-06,267.6720275878906,714.2119140625,5.2855084504699335e-06
274,4.9278998374938965,3.5273895263671875,7.30058309272863e-06,272.01055908203125,714.6746826171875,6.978542842261959e-06,153.10169982910156,0.5288724899291992,5.759965461038519e-06,156.43243408203125,4.259332656860352,8.938161954574753e-06,261.77294921875,711.8892822265625,0.0007951754378154874,265.744873046875,715.7911987304688,2.683788989088498e-05,266.3565368652344,714.2894287109375,9.776841579878237e-06,267.0531921386719,708.3846435546875,5.239911388343899e-06
275,4.9278998374938965,3.5273895263671875,3.754707222469733e-06,292.64190673828125,714.6746826171875,3.893278972100234e-06,153.10169982910156,0.5288724899291992,5.717970907426206e-06,156.85064697265625,4.259332656860352,8.536375389667228e-06,262.30352783203125,711.8892822265625,0.0005773899029009044,265.744873046875,715.3980102539062,2.2791800802224316e-05,266.3565368652344,714.0191040039062,1.0541950359765906e-05,155.90203857421875,2.504117965698242,4.422030997375259e-06
276,261.6045837402344,714.8831176757812,4.7177381929941475e-06,292.64190673828125,715.3109741210938,4.085840373591054e-06,248.09555053710938,710.331298828125,8.262560186267365e-06,156.85064697265625,4.259332656860352,4.2904866859316826e-05,262.30352783203125,711.5150146484375,0.0007183394627645612,265.744873046875,715.7911987304688,5.1942850404884666e-05,266.3565368652344,713.6889038085938,1.6287987818941474e-05,253.25701904296875,708.3846435546875,7.710582394793164e-06
277,261.6045837402344,715.3124389648438,2.8236124762770487e-06,271.57244873046875,716.0945434570312,1.4915227666278952e-06,248.0938262939453,710.5859985351562,4.17147157349973e-06,156.85064697265625,4.259332656860352,1.709053321974352e-05,261.2283020019531,711.8892822265625,5.451696415548213e-05,264.8553161621094,715.7911987304688,1.440920550521696e-05,266.05535888671875,713.6889038085938,6.548800683958689e-06,253.25701904296875,708.6446533203125,3.2574630495219026e-06
278,261.6045837402344,715.3124389648438,7.944884600874502e-06,293.4579772949219,715.3109741210938,1.4661666682513896e-05,248.0938262939453,713.2110595703125,1.6998888895614073e-05,156.85064697265625,4.259332656860352,1.2264712495380081e-05,259.97088623046875,712.562255859375,0.042585283517837524,264.8553161621094,715.7911987304688,0.00022996975167188793,261.8148498535156,713.5015258789062,1.494160187576199e-05,155.90203857421875,2.0756752490997314,7.836958502593916e-06
279,261.6045837402344,714.3994750976562,6.46078751742607e-06,271.57244873046875,716.0945434570312,1.2468298336898442e-05,248.09555053710938,713.2110595703125,6.355548066494521e-06,156.3948516845703,4.055545330047607,2.1842808564542793e-05,259.97088623046875,712.9752197265625,0.0029740738682448864,264.8553161621094,715.9737548828125,0.00010015115549322218,261.8148498535156,713.6889038085938,2.143090205208864e-05,253.25701904296875,708.6446533203125,7.5584184742183425e-06
280,261.6045837402344,714.3994750976562,2.28843873628648e-06,271.3740234375,716.5050659179688,6.826357434874808e-07,248.09555053710938,713.6905517578125,3.491455572657287e-06,156.27166748046875,4.081036567687988,6.260369445953984e-06,259.856201171875,712.562255859375,0.00013496071915142238,264.8553161621094,717.2828979492188,9.684507858764846e-06,261.8148498535156,715.3511962890625,5.5331970543193165e-06,253.25701904296875,711.7886962890625,2.133718908226001e-06
281,268.6731872558594,714.3994750976562,5.0678549996518996e-06,271.25335693359375,716.6858520507812,2.3957140911079478e-06,248.0938262939453,713.2110595703125,3.947170171159087e-06,156.1873321533203,4.055545330047607,1.3871408555132803e-05,259.97088623046875,712.562255859375,0.00012091903045075014,265.929443359375,717.289794921875,3.828226908808574e-05,266.05535888671875,715.4434814453125,1.0683429536584299e-05,80.14334106445312,708.6446533203125,5.952175797574455e-06
282,4.906870365142822,3.450305461883545,2.907803036578116e-06,271.25335693359375,716.877685546875,1.6354963463527383e-06,247.3632049560547,711.4851684570312,4.181325039098738e-06,156.27166748046875,4.081036567687988,9.14769680093741e-06,260.593505859375,712.953857421875,0.0003137100429739803,265.929443359375,717.2828979492188,0.00010538574861129746,265.9221496582031,715.4434814453125,6.568108801729977e-06,80.14334106445312,708.8719482421875,3.7723300465586362e-06
283,267.61517333984375,714.3994750976562,6.057965038053226e-06,270.4053955078125,716.8897094726562,7.187528808572097e-06,152.40542602539062,0.7279412746429443,4.05277614845545e-06,156.3948516845703,4.081036567687988,1.3552536074712407e-05,260.593505859375,712.4742431640625,0.0009776935912668705,265.1025695800781,717.2828979492188,5.461078035295941e-05,266.4280700683594,715.4434814453125,1.1229303709114902e-05,267.62261962890625,714.6576538085938,4.121976417081896e-06
284,267.61517333984375,715.777099609375,3.816851403826149e-06,271.09124755859375,716.8897094726562,2.62478329204896e-06,152.40542602539062,0.7279412746429443,5.908791081310483e-06,156.47845458984375,4.081036567687988,3.381614078534767e-05,260.0743103027344,712.4742431640625,0.00035358822788111866,264.3653259277344,716.85546875,2.833479447872378e-05,266.7409362792969,716.2767944335938,9.520336789137218e-06,267.6805419921875,708.9473266601562,6.36286813460174e-06
285,268.9761657714844,715.777099609375,3.274403297837125e-06,271.09124755859375,716.8897094726562,1.2836970199714415e-05,152.40542602539062,0.7279412746429443,1.302701548411278e-05,156.4897918701172,4.364312171936035,5.047182276030071e-05,260.593505859375,712.5990600585938,0.006008409429341555,265.1025695800781,716.85546875,0.00033166856155730784,266.79534912109375,715.6669311523438,2.3762004275340587e-05,268.0778503417969,708.9473266601562,7.779212864988949e-06
286,268.9761657714844,714.5436401367188,2.4217820282501634e-06,271.09124755859375,716.8897094726562,2.0980000954295974e-06,152.58248901367188,0.5288529396057129,4.157669991400326e-06,156.5978240966797,4.364312171936035,8.071682714216877e-06,260.593505859375,712.5990600585938,0.00044159500976093113,265.1025695800781,716.8114013671875,5.0154725613538176e-05,266.7409362792969,715.3541259765625,6.838457920821384e-06,268.0778503417969,709.2777709960938,3.852121608360903e-06
287,268.9761657714844,714.5436401367188,4.714499482361134e-06,271.09124755859375,716.1832885742188,5.209546998230508e-06,152.58248901367188,1.7102060317993164,6.369012226059567e-06,156.5978240966797,4.202263832092285,1.3499558917828836e-05,261.028564453125,712.5990600585938,0.0009321073885075748,265.1025695800781,716.8114013671875,0.00019289986812509596,266.79534912109375,715.6669311523438,2.175474764953833e-05,268.0778503417969,709.2777709960938,7.63501702749636e-06
288,268.9761657714844,714.4716186523438,8.333616278832778e-06,271.09124755859375,715.3423461914062,2.8644262783927843e-06,152.58248901367188,1.7102060317993164,4.231718776281923e-06,156.5265350341797,4.109061241149902,1.8558755982667208e-05,261.028564453125,712.5990600585938,0.0003885038022417575,264.3653259277344,716.8114013671875,8.988549961941317e-05,266.79534912109375,715.6669311523438,4.4217100366950035e-05,77.8909683227539,708.9473266601562,2.351188777538482e-05
289,267.9083251953125,714.4716186523438,2.896049409173429e-06,271.63751220703125,715.3423461914062,8.788760510469729e-07,152.58248901367188,1.7102060317993164,3.0067601528571686e-06,156.62100219726562,4.202263832092285,8.981285645859316e-06,261.8231506347656,713.7855224609375,2.1353032934712246e-05,265.8671569824219,716.8114013671875,1.2815528862120118e-05,266.4850158691406,715.3406372070312,6.748624400643166e-06,77.8909683227539,709.0572509765625,3.0502733352477662e-06
290,267.9083251953125,714.5436401367188,5.002773832529783e-06,271.63751220703125,715.1821899414062,1.7035039263646468e-06,0.8537490367889404,1.008326768875122,5.3558655963570345e-06,156.62100219726562,4.202263832092285,1.2804973266611341e-05,261.8231506347656,712.1364135742188,2.271782432217151e-05,4.969351768493652,1.9887199401855469,2.989639324368909e-05,77.03026580810547,710.9550170898438,8.349135896423832e-06,3.049058198928833,-0.2242870330810547,4.934908247378189e-06
291,4.818076133728027,3.172384738922119,9.447619049751665e-06,271.63751220703125,706.1094970703125,1.8648739569471218e-05,0.8537490367889404,1.008326768875122,5.2370037337823305e-06,156.5265350341797,4.219667911529541,2.1222394934738986e-05,261.8231506347656,712.1364135742188,0.00941507052630186,4.969351768493652,1.9887199401855469,0.0002549723722040653,155.82089233398438,4.011066436767578,3.978761378675699e-05,3.049058198928833,-0.2242870330810547,1.6398631487390958e-05
292,267.9083251953125,715.142578125,4.117351636523381e-06,271.63751220703125,715.1821899414062,1.9663079910969827e-06,137.92626953125,1.008326768875122,4.683578936237609e-06,156.62100219726562,4.242954730987549,1.2453645467758179e-05,261.6928405761719,712.1364135742188,4.881865970673971e-05,265.8671569824219,716.9412841796875,1.6799485820229165e-05,155.82089233398438,4.011066436767578,5.847603461006656e-06,76.14349365234375,709.0572509765625,4.338652615842875e-06
293,267.9083251953125,715.142578125,3.6938320135959657e-06,271.63751220703125,715.1821899414062,1.7702996046864428e-06,137.92626953125,0.6992993354797363,6.878151907585561e-06,156.62100219726562,4.242954730987549,2.0753479475388303e-05,261.6928405761719,712.1364135742188,0.00025408563669770956,265.8671569824219,716.9412841796875,2.2545960746356286e-05,155.82089233398438,3.972158193588257,6.270934136409778e-06,76.14349365234375,709.0572509765625,7.5935972745355684e-06
294,4.818076133728027,3.172384738922119,5.213861641095718e-06,271.51513671875,706.1094970703125,2.913562866524444e-06,137.92626953125,0.2705721855163574,9.312943802797236e-06,156.59446716308594,4.219667911529541,1.1876243661390617e-05,261.6208801269531,712.1364135742188,0.0003255605697631836,5.001166820526123,2.185232639312744,6.23021915089339e-05,-1.8615117073059082,3.972158193588257,1.614961729501374e-05,76.14349365234375,2.0045995712280273,7.86518558015814e-06
295,4.818076133728027,3.172384738922119,4.806361630471656e-06,270.6846008300781,706.1094970703125,1.3991799505674862e-06,152.4692840576172,0.2705721855163574,5.6717371990089305e-06,156.59446716308594,4.219667911529541,1.3016485354455654e-05,261.6208801269531,712.0380859375,2.3470511223422363e-05,265.67987060546875,716.1620483398438,2.483635580574628e-05,155.82089233398438,4.130117416381836,8.836389497446362e-06,78.1845932006836,711.8826904296875,5.28160808244138e-06
296,269.3133850097656,715.142578125,2.3613945359102217e-06,270.6846008300781,715.6255493164062,9.172156865133729e-07,247.58352661132812,709.9772338867188,7.026664661680115e-06,156.59446716308594,4.152658462524414,2.8383798053255305e-05,261.0126953125,712.5838012695312,7.724953320575878e-05,263.97265625,716.1620483398438,1.1788835763582028e-05,265.4536437988281,714.305908203125,4.754236215376295e-06,155.6915740966797,713.2718505859375,3.4462336770957336e-06
297,4.953122138977051,3.0110182762145996,8.245683602581266e-06,270.6846008300781,715.0867919921875,2.1368028683355078e-05,248.8492431640625,709.9772338867188,8.884816452336963e-06,156.59446716308594,4.125478744506836,2.6298212105757557e-05,259.4437561035156,712.5838012695312,0.007370405364781618,259.1115417480469,716.1620483398438,0.0002119354612659663,264.8783874511719,714.305908203125,4.070963404956274e-05,78.1845932006836,2.0045995712280273,0.0001367137156194076
298,4.953122138977051,2.9999547004699707,3.997977273684228e-06,270.6846008300781,715.0867919921875,4.7273670134018175e-06,248.8492431640625,709.9772338867188,5.249815330898855e-06,156.59446716308594,4.112358570098877,6.865471277706092e-06,259.57177734375,712.8001708984375,0.000716093520168215,259.1115417480469,716.1620483398438,4.848276512348093e-05,264.8783874511719,715.019287109375,9.899295946524944e-06,78.1845932006836,2.0045995712280273,4.455753241927596e-06
299,5.2532057762146,3.087785482406616,3.2989044029818615e-06,271.1082458496094,716.1407470703125,3.1573831620335113e-06,248.8492431640625,709.9772338867188,5.416740350483451e-06,156.3281707763672,4.091678142547607,1.7928654415300116e-05,259.57177734375,712.5838012695312,0.0014460585080087185,263.97265625,716.7833251953125,0.00028906576335430145,264.8783874511719,715.019287109375,9.416899956704583e-06,69.50879669189453,713.2718505859375,3.856204784824513e-06
300,4.953122138977051,2.9999547004699707,3.450732720011729e-06,271.1082458496094,715.0867919921875,1.0644373560353415e-06,137.715576171875,0.8896408081054688,5.174130365048768e-06,156.305419921875,4.091678142547607,1.5310022718040273e-05,259.57177734375,712.5838012695312,8.010358578758314e-05,263.97265625,716.7833251953125,1.8278440620633774e-05,155.50088500976562,715.019287109375,6.28551924819476e-06,69.50879669189453,1.6054725646972656,3.940783244615886e-06
301,4.953122138977051,2.9999547004699707,4.3374734559620265e-06,271.1082458496094,715.0867919921875,4.7742732931510545e-06,137.715576171875,0.8896408081054688,4.244656338414643e-06,156.305419921875,4.091678142547607,8.566926226194482e-06,259.76043701171875,712.5086669921875,0.0010698008118197322,259.2655944824219,716.3685302734375,2.7275882530375384e-05,155.50088500976562,714.3539428710938,2.738994407991413e-05,69.50879669189453,1.6054725646972656,1.573880945215933e-05
302,5.2532057762146,3.087785482406616,3.296404429420363e-06,270.9110412597656,716.3961791992188,2.6173042897426058e-06,137.715576171875,0.8896408081054688,1.8479353457223624e-05,156.305419921875,4.091678142547607,4.693707523983903e-05,259.9605712890625,712.5086669921875,0.0002314598677912727,265.1874084472656,715.7032470703125,6.435248360503465e-05,155.50088500976562,714.3539428710938,1.311712185270153e-05,156.21214294433594,708.1394653320312,7.2316361183766276e-06
303,269.5616149902344,714.8759155273438,2.612518755995552e-06,271.1082458496094,716.3961791992188,2.683184220586554e-06,152.4793701171875,0.8896408081054688,8.519841685483698e-06,156.4562530517578,3.9578514099121094,1.1755862942663953e-05,259.9605712890625,712.5086669921875,0.0004210214829072356,265.1874084472656,716.3685302734375,2.3373348085442558e-05,260.9166564941406,714.3539428710938,3.944889613194391e-06,156.21214294433594,708.1394653320312,1.6821167037051055e-06
304,269.5616149902344,716.5866088867188,8.412115676037502e-06,270.9110412597656,716.3961791992188,1.020484614855377e-05,247.42034912109375,713.9190063476562,9.950169442163315e-06,156.48043823242188,4.144982814788818,1.4072724297875538e-05,259.76043701171875,712.5086669921875,0.0011576038086786866,262.068115234375,716.3685302734375,0.00016993476310744882,260.9166564941406,714.3905029296875,2.167384445783682e-05,156.21214294433594,1.6054725646972656,7.404293228319148e-06
305,269.5616149902344,716.5866088867188,4.02210434913286e-06,270.9110412597656,716.3961791992188,3.5121504424751038e-06,248.20570373535156,714.0172119140625,3.2994394132401794e-06,156.48043823242188,3.9578514099121094,1.8315151464776136e-05,259.76043701171875,712.6714477539062,0.0018240911886096,262.068115234375,716.3919067382812,3.252641181461513e-05,264.451416015625,715.5813598632812,7.285713309101993e-06,3.080625534057617,0.0007519721984863281,2.6917291506833863e-06
306,251.2853546142578,714.8759155273438,7.436157829943113e-06,270.9110412597656,716.22119140625,1.148245792137459e-05,248.20570373535156,713.9190063476562,1.6314026652253233e-05,156.4562530517578,4.090396404266357,1.7690150343696587e-05,259.81243896484375,712.6714477539062,0.001858643488958478,262.068115234375,716.6096801757812,0.00018097733845934272,264.451416015625,715.5813598632812,1.168547896668315e-05,3.0627689361572266,-0.5367803573608398,5.707418040401535e-06
307,4.509681701660156,3.5165793895721436,3.662116569103091e-06,270.8420715332031,716.22119140625,3.251032467233017e-06,248.20570373535156,710.6564331054688,5.1800207074848e-06,156.4562530517578,4.090396404266357,8.789247658569366e-06,259.81243896484375,712.6631469726562,0.00041079663787968457,262.068115234375,716.6096801757812,5.528045949176885e-05,264.451416015625,715.5813598632812,1.1908259693882428e-05,2.858213186264038,-0.5367803573608398,3.913451109838206e-06
308,4.509681701660156,2.8820784091949463,4.676562184613431e-06,270.7397766113281,716.3854370117188,3.2878833735594526e-06,250.30007934570312,713.2590942382812,7.1499757723358925e-06,156.48043823242188,4.144982814788818,2.0655210391851142e-05,259.9606628417969,712.4161987304688,0.0016019546892493963,264.662841796875,716.3919067382812,2.7700145437847823e-05,266.6631164550781,715.4466552734375,7.75192256696755e-06,2.858213186264038,-0.48592662811279297,4.777612048201263e-06
309,4.479072093963623,2.8820784091949463,4.067424015374854e-06,270.7397766113281,716.3854370117188,3.551426516423817e-06,249.0872344970703,713.2590942382812,7.160278983064927e-06,156.49215698242188,4.090396404266357,7.314471986319404e-06,259.9606628417969,712.4161987304688,0.0005400824011303484,264.662841796875,716.3548583984375,3.347194433445111e-05,266.6631164550781,714.6264038085938,1.0011945050791837e-05,2.887617588043213,-0.48592662811279297,5.547394721361343e-06
310,4.479072093963623,3.023285150527954,2.8036756702931598e-06,270.3940124511719,716.3854370117188,2.9356356208154466e-06,249.0872344970703,710.6564331054688,3.828075477940729e-06,156.49215698242188,4.272549152374268,9.114840395341162e-06,260.14599609375,712.4161987304688,0.0003876423870678991,260.2731018066406,715.5994873046875,5.3380648751044646e-05,254.14710998535156,713.6710205078125,7.202982942544622e-06,2.887617588043213,-0.48592662811279297,5.85732641411596e-06
311,4.479072093963623,3.023285150527954,2.6183604404650396e-06,270.3940124511719,716.3854370117188,2.0210511593177216e-06,249.0872344970703,710.6564331054688,5.325722668203525e-06,156.51345825195312,4.272549152374268,1.893695480248425e-05,260.14599609375,712.6631469726562,0.0004942530649714172,264.4073181152344,715.5994873046875,3.807553730439395e-05,261.3740539550781,714.6264038085938,6.003603175486205e-06,2.887617588043213,-0.48592662811279297,3.7056697692605667e-06
312,4.5452399253845215,3.023285150527954,4.775543857249431e-06,270.3940124511719,716.0960083007812,1.7948864297068212e-06,137.82940673828125,1.241713523864746,5.5721129683661275e-06,156.49215698242188,4.206754207611084,2.1162373741390184e-05,258.470458984375,712.4161987304688,0.00012824949226342142,260.7298889160156,715.5994873046875,2.1547633878071792e-05,261.3740539550781,714.6264038085938,1.6461352061014622e-05,3.040440320968628,-0.925410270690918,0.00010124090476892889
313,4.5452399253845215,3.023285150527954,3.1963688797986833e-06,271.676025390625,715.9556274414062,2.030895075222361e-06,137.82940673828125,1.241713523864746,4.4891626203025226e-06,156.36058044433594,4.204257488250732,1.5642159269191325e-05,258.470458984375,713.0445556640625,0.00022805352637078613,260.1524963378906,715.5994873046875,4.219438778818585e-05,254.14710998535156,713.6710205078125,6.8869144342897926e-06,2.975886821746826,-0.925410270690918,3.256325953771011e-06
314,4.787725448608398,3.023285150527954,5.191241598367924e-06,271.676025390625,715.8733520507812,5.203464752412401e-06,136.927490234375,0.7619822025299072,5.301308647176484e-06,156.36058044433594,4.204257488250732,1.2315827007114422e-05,260.3625183105469,713.1094360351562,0.0012453681556507945,260.7298889160156,716.2229614257812,0.00010076953185489401,261.3740539550781,714.8463745117188,1.4153601114230696e-05,3.040440320968628,-0.925410270690918,4.51806317869341e-06
315,4.909181594848633,3.2916817665100098,3.0699661692779046e-06,271.676025390625,715.8733520507812,1.067468588189513e-06,137.82940673828125,0.7619822025299072,4.634707693185192e-06,156.36058044433594,4.1767754554748535,3.7197826259216527e-06,260.2618103027344,713.3436889648438,3.6423061828827485e-05,264.4073181152344,716.4146118164062,1.65673754963791e-05,264.9357604980469,715.136474609375,4.4319867811282165e-06,3.040440320968628,-0.925410270690918,2.4758103336353088e-06
316,4.787725448608398,3.2916817665100098,4.39335508417571e-06,271.7951965332031,715.7805786132812,1.9334027001605136e-06,247.4362030029297,709.638916015625,4.241593160259072e-06,156.36058044433594,4.020717620849609,7.177569841587683e-06,260.2618103027344,713.3436889648438,0.00022149177675601095,265.22900390625,716.4146118164062,3.928278965759091e-05,264.9357604980469,715.136474609375,7.213266144390218e-06,3.040440320968628,-0.886624813079834,3.4164847875217674e-06
317,4.787725448608398,3.0340564250946045,3.845033916149987e-06,271.1526794433594,715.7066650390625,4.0615827856527176e-06,248.9326934814453,710.7362060546875,6.232448868104257e-06,156.36058044433594,3.86749529838562,1.4106046364759095e-05,260.2618103027344,713.3436889648438,0.001142130116932094,265.22900390625,716.8343505859375,5.543645966099575e-05,75.1951675415039,712.3694458007812,9.160328772850335e-06,3.0832669734954834,-0.7666387557983398,4.967403128830483e-06
318,4.787725448608398,3.2916817665100098,2.6705884010880254e-06,271.1526794433594,715.7066650390625,2.5833899144345196e-06,247.4362030029297,709.638916015625,9.805712579691317e-06,156.34881591796875,3.9622573852539062,1.2376202903396916e-05,260.043701171875,712.61083984375,1.5197068933048286e-05,265.22900390625,716.8343505859375,3.590335472836159e-05,266.5549011230469,714.8270874023438,5.366576715459814e-06,76.16256713867188,708.808349609375,3.489880555207492e-06
319,4.613420009613037,3.0340564250946045,4.057219939568313e-06,271.3618469238281,715.7066650390625,6.058611688786186e-06,247.4362030029297,709.638916015625,7.33137312636245e-06,156.34881591796875,3.9622573852539062,7.845139407436363e-06,258.84210205078125,712.5595703125,0.0031301199924200773,264.5506591796875,716.8343505859375,0.00013508791744243354,75.1951675415039,712.3694458007812,2.1529065634240396e-05,76.16256713867188,708.808349609375,2.09820154850604e-05
320,4.613420009613037,3.0340564250946045,5.386214525060495e-06,271.5336608886719,715.67529296875,7.5599323281494435e-06,248.9326934814453,709.638916015625,4.436329163581831e-06,156.35728454589844,3.8830063343048096,2.8359963835100643e-05,252.928466796875,710.1588134765625,0.0015030603390187025,263.5495910644531,716.6729736328125,0.00036615331191569567,75.1951675415039,712.3694458007812,2.0852892703260295e-05,76.16256713867188,708.808349609375,1.3188204320613295e-05
321,4.687401294708252,3.1803863048553467,3.5494488201948116e-06,271.3618469238281,715.67529296875,2.6021077701443573e-06,152.56190490722656,0.5213062763214111,3.7553234051301843e-06,156.35728454589844,3.8830063343048096,1.1331737368891481e-05,258.84210205078125,712.5595703125,0.0006068511283956468,263.5495910644531,716.6729736328125,2.8275517252041027e-05,155.69223022460938,712.3694458007812,6.367177775246091e-06,155.62997436523438,708.808349609375,3.969968020101078e-06
322,4.687401294708252,3.1803863048553467,7.241587809403427e-06,271.5336608886719,715.9253540039062,5.486756890604738e-06,152.40249633789062,0.2966573238372803,1.001482905849116e-05,156.35728454589844,3.9622573852539062,8.128909939841833e-06,259.7728271484375,712.61083984375,0.00034851019154302776,260.0517578125,716.5172729492188,2.026817310252227e-05,252.75865173339844,714.46484375,7.356095011346042e-06,155.9454803466797,2.033352851867676,3.6304174955148483e-06
323,4.687401294708252,3.1803863048553467,3.0387720926228212e-06,271.57672119140625,715.9253540039062,1.2407509757395019e-06,152.56190490722656,0.5213062763214111,5.884648999199271e-06,156.35728454589844,3.8961870670318604,2.973421214846894e-05,259.1258544921875,712.5595703125,9.344173304270953e-05,260.0517578125,716.5477294921875,1.4371850738825742e-05,252.75865173339844,714.46484375,4.90942829856067e-06,155.62997436523438,1.6771130561828613,4.956198608851992e-06
324,4.687401294708252,3.3362414836883545,2.8403871965565486e-06,271.57672119140625,715.5694580078125,1.9616818462964147e-06,152.56190490722656,0.4208498001098633,1.0618786291161086e-05,156.35728454589844,3.9650511741638184,2.4323517209268175e-05,259.7728271484375,713.3701171875,9.978748130379245e-05,259.4864196777344,716.5172729492188,1.7179949281853624e-05,252.75865173339844,714.46484375,8.99660517461598e-06,155.62997436523438,1.6771130561828613,4.656274086300982e-06
325,4.687401294708252,3.1803863048553467,9.358011084259488e-06,271.5638732910156,716.57470703125,6.121452315710485e-06,137.73934936523438,0.375136137008667,6.6208094722242095e-06,156.1028594970703,4.07597017288208,1.822389276640024e-05,260.3283996582031,713.3701171875,0.0029001818038523197,265.14996337890625,716.15380859375,5.163664900464937e-05,155.74476623535156,714.4517822265625,6.1868568081990816e-06,155.62997436523438,1.6771130561828613,4.094140876986785e-06
326,4.986416816711426,3.3362414836883545,2.7660139494400937e-06,271.57672119140625,716.57470703125,7.905711072453414e-07,137.73934936523438,0.4208498001098633,3.4622071325429715e-06,156.1028594970703,3.9650511741638184,1.3630968169309199e-05,260.94061279296875,713.2296142578125,3.749226016225293e-05,4.836874961853027,1.9928762912750244,1.1424894182709977e-05,265.6714172363281,714.7332153320312,6.350016519718338e-06,2.987926721572876,-1.0174012184143066,3.4098866308340803e-06
327,4.986416816711426,3.3362414836883545,3.5373545870243106e-06,271.5638732910156,715.5491333007812,2.521455371606862e-06,137.73934936523438,0.4208498001098633,7.937493137433194e-06,156.32711791992188,3.931201457977295,2.630375456647016e-05,260.3283996582031,713.1597290039062,0.00045553583186119795,5.183980941772461,2.3861589431762695,1.5164263459155336e-05,170.08816528320312,714.4517822265625,7.199040283012437e-06,2.987926721572876,-1.0174012184143066,6.3031193349161185e-06
328,4.986416816711426,3.3362414836883545,3.174705170749803e-06,271.5638732910156,715.5491333007812,1.8773168903862825e-06,137.73934936523438,0.375136137008667,6.315141035884153e-06,156.3519744873047,3.9650511741638184,8.870321835274808e-06,260.94061279296875,713.2296142578125,5.1522387366276234e-05,5.183980941772461,2.3861589431762695,1.8864584490074776e-05,170.08816528320312,714.4517822265625,5.4411989367508795e-06,3.1070189476013184,-0.8067374229431152,3.016605660377536e-06
329,4.986416816711426,3.27864670753479,2.4403200313827256e-06,271.5638732910156,716.2951049804688,8.68992344749131e-07,137.8714599609375,0.375136137008667,3.718853349710116e-06,156.3519744873047,4.0469865798950195,1.6517980839125812e-05,260.94061279296875,713.1597290039062,3.4207430871902034e-05,259.6482849121094,715.5953979492188,1.3894257790525444e-05,170.08816528320312,3.881244421005249,4.94418873131508e-06,75.54533386230469,1.9008960723876953,2.938509624073049e-06
330,5.004085540771484,3.4887728691101074,2.831583515217062e-06,271.81134033203125,716.2951049804688,2.0946313270542305e-06,137.90301513671875,0.20287394523620605,6.308549473033054e-06,156.3519744873047,4.0469865798950195,1.6108504496514797e-05,260.5662536621094,713.1597290039062,0.00027965876506641507,259.6482849121094,715.5953979492188,2.1658657715306617e-05,259.8243103027344,714.472900390625,9.255270015273709e-06,75.54533386230469,1.9525554180145264,2.8860338716185652e-05
331,269.0452880859375,716.25146484375,2.6767793315229937e-06,271.41156005859375,716.3478393554688,1.046280090122309e-06,137.90301513671875,0.20287394523620605,4.117030130146304e-06,156.50393676757812,4.255206108093262,1.4225658560462762e-05,260.5662536621094,713.1597290039062,0.0001558253716211766,264.8598937988281,716.33251953125,7.162485417211428e-05,259.8243103027344,714.472900390625,6.641329946432961e-06,155.7418670654297,708.1409912109375,3.3898099900397938e-06
332,269.2814025878906,716.5,1.0612752703309525e-05,271.4945373535156,716.3973999023438,1.3771075828117318e-05,137.90301513671875,0.38437986373901367,7.841392289265059e-06,156.53062438964844,4.293895244598389,4.848530807066709e-05,260.5662536621094,712.7673950195312,0.004740992560982704,265.1719970703125,716.8778686523438,5.8532234106678516e-05,266.23052978515625,715.0761108398438,1.4268512131820899e-05,268.1339111328125,713.789306640625,6.756371476512868e-06
333,269.2814025878906,716.5,3.910709438059712e-06,271.41156005859375,716.4249877929688,5.295200026012026e-06,264.97735595703125,710.0819091796875,5.2190557653375436e-06,156.51766967773438,4.255206108093262,1.1089951840403955e-05,260.5662536621094,712.7673950195312,0.0008636748534627259,265.8659973144531,716.33251953125,5.741791756008752e-05,266.256591796875,715.1524047851562,1.2365337170194834e-05,268.2827453613281,709.0897216796875,6.083670541556785e-06
334,269.2814025878906,716.5,8.038513442443218e-06,271.41156005859375,716.4249877929688,8.201294804166537e-06,137.90301513671875,0.8448221683502197,1.0684896551538259e-05,156.53062438964844,4.255206108093262,2.3225078621180728e-05,260.7607116699219,712.7261352539062,0.0013942018849775195,265.1719970703125,716.33251953125,0.00012985338980797678,266.256591796875,715.1524047851562,1.4657430256193038e-05,268.2827453613281,709.0897216796875,6.625931746384595e-06
335,269.9701843261719,714.8931274414062,3.4133092867705273e-06,271.41156005859375,716.6196899414062,5.181389042263618e-06,264.97735595703125,710.29736328125,8.652316864754539e-06,156.68939208984375,4.792527675628662,1.8394744984107092e-05,260.7607116699219,712.7261352539062,0.001491220435127616,265.1719970703125,716.8778686523438,0.00023689465888310224,266.256591796875,715.1172485351562,2.6256988348904997e-05,268.1339111328125,709.0897216796875,1.1636548151727766e-05
336,269.9701843261719,700.2518920898438,3.965242285630666e-06,269.66400146484375,716.9421997070312,1.2839415148846456e-06,264.97735595703125,710.29736328125,4.354678367235465e-06,156.68939208984375,4.2223968505859375,1.0665818081179168e-05,260.7607116699219,712.6246337890625,5.81263484491501e-05,265.1719970703125,715.9253540039062,1.5389701729873195e-05,266.256591796875,715.0761108398438,5.120809873915277e-06,268.4219665527344,708.2952270507812,4.269710188964382e-06
337,268.30670166015625,700.2518920898438,3.937338533432921e-06,269.66400146484375,716.6196899414062,5.839438927068841e-06,264.97735595703125,713.5806274414062,3.49565334545332e-06,156.68939208984375,4.2223968505859375,6.426111667678924e-06,260.7607116699219,712.2634887695312,0.001139895524829626,264.71435546875,715.9253540039062,3.722818655660376e-05,266.82373046875,715.1172485351562,8.560212336305995e-06,268.5658264160156,708.2952270507812,7.2704156082181726e-06
338,268.30670166015625,700.1519165039062,3.49165202351287e-06,271.13922119140625,716.5877075195312,6.591149485757342e-06,247.8488006591797,710.29736328125,5.4623387768515386e-06,156.68939208984375,4.139578819274902,8.10838355391752e-06,260.2905578613281,712.2634887695312,0.0012974698329344392,264.6762390136719,716.0430297851562,0.00018392305355519056,265.7861633300781,715.1172485351562,9.83672453003237e-06,268.5658264160156,708.2952270507812,9.810717529035173e-06
339,268.30670166015625,700.1519165039062,4.332921889727004e-06,271.13922119140625,716.5877075195312,5.792062893306138e-06,247.8488006591797,710.29736328125,1.1670521416817792e-05,156.5336456298828,4.139578819274902,2.816222513501998e-05,260.0626525878906,712.407958984375,0.007014385424554348,264.71435546875,716.3466796875,0.00018963331240229309,265.7861633300781,715.1172485351562,2.4271103029605e-05,268.5658264160156,708.2952270507812,1.068546680471627e-05
340,268.30670166015625,700.1519165039062,2.7058745217800606e-06,271.13922119140625,716.4453735351562,3.5204434425395448e-06,137.31005859375,1.1946275234222412,3.989901870227186e-06,156.08840942382812,3.9011733531951904,1.0065798051073216e-05,260.2905578613281,712.2634887695312,0.0016399869928136468,266.04400634765625,716.3466796875,5.7340002967976034e-05,169.8817138671875,714.6793212890625,6.549706085934304e-06,268.5658264160156,707.9082641601562,2.5742069738043938e-06
341,268.30670166015625,700.1519165039062,3.963506969739683e-06,271.13922119140625,716.2882690429688,1.4094049447521684e-06,0.892418622970581,0.8634850978851318,4.347902176959906e-06,156.08840942382812,4.139578819274902,1.0982325875374954e-05,260.2905578613281,712.2634887695312,0.00028346822364255786,264.6762390136719,716.3466796875,3.1953855796018615e-05,2.140467882156372,3.590118885040283,6.171293080114992e-06,3.041731834411621,-0.5157299041748047,3.791904646277544e-06
342,4.6184868812561035,4.179959297180176,3.574072025003261e-06,271.1481628417969,715.850830078125,1.3469726809489657e-06,0.892418622970581,0.8634850978851318,3.934984761144733e-06,156.2035369873047,4.1270551681518555,8.987514775071759e-06,259.9244384765625,712.2074584960938,0.00015321632963605225,260.8937072753906,716.7178955078125,3.092446058872156e-05,2.140467882156372,3.590118885040283,4.4160215111332946e-06,2.782104730606079,-1.0401759147644043,3.567802195902914e-06
343,4.6184868812561035,4.179959297180176,4.063500455231406e-06,271.2118835449219,715.850830078125,1.5410394098580582e-06,0.892418622970581,1.1946275234222412,5.385823897086084e-06,156.34239196777344,4.1270551681518555,8.512685781170148e-06,261.8152770996094,712.2074584960938,4.930998693453148e-05,266.04400634765625,716.7178955078125,1.7995631424128078e-05,169.8817138671875,3.590118885040283,7.284018465725239e-06,2.782104730606079,-1.0401759147644043,6.377952558977995e-06
344,269.7346496582031,714.2974243164062,2.2117701519164257e-06,271.2673034667969,715.850830078125,9.659516990723205e-07,248.22872924804688,710.378173828125,4.031397565995576e-06,156.2035369873047,4.1270551681518555,1.7789829144021496e-05,265.006103515625,711.3167114257812,0.00013724033487960696,266.3710632324219,716.5161743164062,2.618197504489217e-05,170.03366088867188,3.288562297821045,6.206742455105996e-06,3.041731834411621,-0.5157299041748047,3.1333408969658194e-06
345,4.953218936920166,4.179959297180176,3.855624072457431e-06,271.2673034667969,715.850830078125,6.2195526879804675e-06,265.6340637207031,710.378173828125,4.612519660440739e-06,156.34239196777344,4.1270551681518555,1.228409746545367e-05,261.8152770996094,712.2074584960938,0.0036114512477070093,260.8937072753906,715.7569580078125,0.00011055423965444788,170.03366088867188,714.1629638671875,1.7205282347276807e-05,3.1418216228485107,-0.5157299041748047,8.989932211989071e-06
346,4.953218936920166,4.179959297180176,2.204498741775751e-06,271.2673034667969,715.850830078125,1.7410696955266758e-06,265.6340637207031,710.378173828125,3.554482418621774e-06,156.444580078125,4.1270551681518555,2.9808539693476632e-05,261.8152770996094,712.2577514648438,6.020498040015809e-05,260.8937072753906,715.7569580078125,1.072477152774809e-05,170.03366088867188,714.1629638671875,7.933088454592507e-06,3.3828582763671875,-0.4155550003051758,2.6754114514915273e-06
347,269.7346496582031,715.6275634765625,2.7361445518181426e-06,292.25341796875,707.660888671875,2.4929092887759907e-06,265.6340637207031,710.2822265625,4.065217581228353e-06,156.34239196777344,4.2704877853393555,6.125955223978963e-06,262.23504638671875,712.2577514648438,0.00016111231525428593,266.3710632324219,715.7569580078125,1.2500122466008179e-05,170.03366088867188,714.1629638671875,4.809777237824164e-06,155.83045959472656,1.2724809646606445,2.8694296361209126e-06
348,271.5947265625,700.9840698242188,4.859938599111047e-06,292.25341796875,707.660888671875,1.413098061675555e-06,250.45611572265625,710.2822265625,4.9520735956321005e-06,156.444580078125,4.2704877853393555,5.751051958213793e-06,262.23504638671875,710.7152709960938,0.0001384073548251763,264.2674255371094,715.7569580078125,2.5997984266723506e-05,170.03366088867188,715.22900390625,8.265886208391748e-06,155.83045959472656,1.2724809646606445,4.356128101790091e-06
349,267.5112609863281,700.9840698242188,9.79665492195636e-06,271.5221252441406,707.660888671875,3.3895773867698153e-06,247.79412841796875,710.2822265625,9.962085641745944e-06,157.0305938720703,4.68609094619751,2.840064189513214e-05,261.78997802734375,712.2577514648438,0.00014676804130431265,264.2674255371094,715.8096923828125,2.989628046634607e-05,266.559814453125,715.822021484375,1.7912265320774168e-05,155.83045959472656,1.2921345233917236,6.2443896240438335e-06
350,267.5112609863281,700.9840698242188,4.070090290042572e-05,270.5018615722656,715.1852416992188,5.844672705279663e-05,137.55751037597656,0.6124615669250488,1.4217304851626977e-05,156.6139678955078,4.68609094619751,2.0208188288961537e-05,259.2742004394531,710.7152709960938,0.15683913230895996,264.2674255371094,716.5552368164062,0.006955326534807682,266.559814453125,715.822021484375,0.0001148009323514998,155.83045959472656,712.583984375,1.2271557352505624e-05
351,267.5112609863281,700.9840698242188,5.598868938250234e-06,271.5221252441406,715.1852416992188,8.75565910973819e-06,137.55751037597656,0.5765807628631592,1.7343681975034997e-05,156.6139678955078,4.68609094619751,1.5668749256292358e-05,259.2742004394531,710.7152709960938,0.0016582862008363008,264.2674255371094,716.5552368164062,0.00022334266395773739,266.559814453125,716.1475219726562,2.8809903596993536e-05,156.29345703125,712.583984375,1.260422959603602e-05
352,267.5112609863281,700.9840698242188,2.176886027882574e-06,270.7120056152344,716.4530639648438,1.4389885336640873e-06,137.55751037597656,1.2488009929656982,5.5191944738908205e-06,267.1885681152344,715.4223022460938,1.447945942345541e-05,259.2742004394531,712.9387817382812,0.0001857267488958314,264.2674255371094,716.5552368164062,1.635705484659411e-05,266.559814453125,716.1475219726562,5.465892627398716e-06,268.12249755859375,712.583984375,5.4626357268716674e-06
353,267.5112609863281,715.5077514648438,4.871553301200038e-06,270.7120056152344,716.4530639648438,1.4908288221704424e-06,137.50535583496094,0.5765807628631592,9.990028047468513e-06,156.6139678955078,4.296918869018555,3.7039404560346156e-05,261.25421142578125,712.9387817382812,4.525544136413373e-05,260.7027282714844,716.5552368164062,3.068109435844235e-05,2.9976277351379395,715.9666748046875,9.126278200710658e-06,156.29345703125,708.2293090820312,6.478971044998616e-06
354,268.9274597167969,715.5077514648438,5.145031082065543e-06,271.92047119140625,716.1598510742188,4.0871691453503445e-06,137.50535583496094,0.5765807628631592,3.3419314604543615e-06,156.6139678955078,4.296918869018555,1.1122987416456454e-05,261.25421142578125,712.13525390625,0.00050136330537498,260.7027282714844,716.623291015625,6.647475674981251e-05,2.9976277351379395,715.9666748046875,1.725576294120401e-05,156.29345703125,708.2293090820312,9.126565601036418e-06
355,269.6546325683594,715.5077514648438,8.923529094317928e-06,288.1764221191406,716.0255126953125,3.9146157178038266e-06,137.41844177246094,0.5765807628631592,6.3699840211484116e-06,156.5640411376953,4.296918869018555,2.1740852389484644e-05,261.31072998046875,712.13525390625,0.0006951181567274034,261.23138427734375,716.623291015625,2.311858770553954e-05,265.5412902832031,715.9666748046875,1.1325686500640586e-05,156.29345703125,1.9445374011993408,4.2763444980664644e-06
356,286.6802978515625,715.5077514648438,1.2518446055764798e-05,271.92047119140625,716.1598510742188,1.288084877160145e-05,136.73721313476562,1.1432063579559326,5.4053771236795e-06,267.1885681152344,715.863525390625,1.3251908967504278e-05,261.25421142578125,712.13525390625,0.009437876753509045,264.99072265625,716.623291015625,0.0002627646317705512,266.8673095703125,715.3861083984375,2.8781345463357866e-05,268.7230529785156,708.2293090820312,7.651206033187918e-06
357,286.6802978515625,715.2455444335938,3.242167849748512e-06,271.92047119140625,716.0255126953125,1.4145488194117206e-06,136.73721313476562,1.1432063579559326,5.458329269458773e-06,156.5640411376953,4.001130104064941,2.37956119235605e-05,260.67132568359375,712.13525390625,6.978360761422664e-05,261.23138427734375,716.487548828125,1.989677366509568e-05,265.5412902832031,715.8974609375,6.568283879460068e-06,155.6318817138672,1.9445374011993408,2.9675475161639042e-06
358,287.117919921875,714.690185546875,3.7357842757046456e-06,271.92047119140625,716.0255126953125,4.7238745537470095e-06,136.73721313476562,1.2685372829437256,3.3131177588074934e-06,156.5640411376953,4.211917400360107,1.2534035704447888e-05,260.67132568359375,711.9788818359375,0.0010944271925836802,264.99072265625,716.487548828125,0.00015587113739456981,267.0500793457031,715.3861083984375,1.7836766346590593e-05,268.7230529785156,708.3494873046875,1.0683012078516185e-05
359,287.117919921875,714.690185546875,5.047471404395765e-06,271.3847961425781,715.52587890625,1.6644374909446924e-06,136.73721313476562,1.2685372829437256,5.95757001065067e-06,156.440185546875,4.211917400360107,8.534178050467744e-06,260.67132568359375,712.4774169921875,2.7668962502502836e-05,265.0761413574219,716.487548828125,2.2849624656373635e-05,267.0500793457031,715.8974609375,6.722865691699553e-06,268.464111328125,708.4302978515625,4.903986337012611e-06
360,287.4173583984375,714.690185546875,6.320816737570567e-06,270.7974853515625,715.52587890625,5.426362349680858e-06,137.24203491210938,1.2685372829437256,3.7733593671873678e-06,156.35939025878906,4.312496185302734,6.75851697451435e-06,260.67132568359375,712.6909790039062,0.0004151449538767338,264.99072265625,716.03515625,6.277972715906799e-05,266.5325012207031,715.3789672851562,6.331609711196506e-06,268.464111328125,708.9232788085938,4.83181293020607e-06
361,287.4173583984375,714.4100952148438,6.45304135105107e-06,269.8776550292969,715.52587890625,6.2316526054928545e-06,152.36801147460938,1.2685372829437256,3.6951564652554225e-06,156.35939025878906,4.312496185302734,1.7778245819499716e-05,260.83770751953125,712.4774169921875,0.0005293192807585001,265.0761413574219,714.9447021484375,4.116067066206597e-05,266.5325012207031,714.5108642578125,7.169066520873457e-06,268.464111328125,708.6064453125,2.8920226213813294e-06
362,287.4173583984375,715.6542358398438,4.315313162805978e-06,270.16619873046875,717.4638671875,7.071598247421207e-06,266.190185546875,709.60498046875,7.423758688673843e-06,156.35939025878906,4.351931571960449,3.6131488741375506e-05,264.6883239746094,712.465576171875,9.998493624152616e-05,265.56512451171875,716.03515625,6.086734720156528e-05,266.7213439941406,714.4161376953125,0.00030829160823486745,268.819091796875,708.6064453125,0.0008359987405128777
363,287.47412109375,715.6542358398438,7.554916464869166e-06,270.16619873046875,717.4638671875,7.108489626261871e-06,266.190185546875,709.9421997070312,8.618946594651788e-06,156.6933135986328,4.400765895843506,5.1024828280787915e-05,265.0282897949219,712.465576171875,0.0005754308076575398,265.56512451171875,716.188232421875,0.00015376810915768147,266.7213439941406,714.4161376953125,2.7565090931602754e-05,268.819091796875,708.6064453125,8.311313649755903e-06
364,287.47412109375,714.9415283203125,2.1775340428575873e-05,270.16619873046875,717.4638671875,2.5547551558702253e-05,152.36801147460938,0.7266614437103271,1.2875223546870984e-05,156.6933135986328,4.400765895843506,3.211178773199208e-05,265.0282897949219,712.465576171875,0.01154792308807373,265.56512451171875,714.9447021484375,0.00034665985731408,266.7213439941406,714.4161376953125,2.767487421806436e-05,268.819091796875,708.5493774414062,1.8896185792982578e-05
365,268.5984191894531,714.9415283203125,3.6248095511837164e-06,271.2118225097656,716.989501953125,3.5732982723857276e-06,248.8436279296875,710.90234375,8.059752872213721e-06,156.6933135986328,4.400765895843506,1.2462627637432888e-05,260.83770751953125,711.57861328125,0.0003913343825843185,265.56512451171875,715.8760986328125,7.050864223856479e-05,266.7213439941406,714.834228515625,1.3478333130478859e-05,268.8916931152344,708.5493774414062,9.212401892000344e-06
366,268.5984191894531,714.9415283203125,3.201432946298155e-06,271.2118225097656,716.989501953125,1.0179672926824423e-06,248.8436279296875,710.90234375,2.911338015110232e-06,156.59634399414062,4.237058639526367,1.5287641872419044e-05,265.0282897949219,711.123046875,0.00011389613791834563,267.0332946777344,715.8760986328125,1.5059003999340348e-05,267.80535888671875,714.834228515625,4.598701707436703e-06,269.0789794921875,708.5493774414062,2.8465726700233063e-06
367,268.07843017578125,714.5947265625,7.022390946076484e-06,271.2118225097656,716.989501953125,1.644467374717351e-05,137.8471221923828,0.7266614437103271,8.968559086497407e-06,156.59634399414062,4.237058639526367,3.0192941267159767e-05,260.2518615722656,711.57861328125,0.013020232319831848,265.6509704589844,715.8760986328125,0.0008157203556038439,267.80535888671875,714.8365478515625,3.283361002104357e-05,269.0789794921875,708.5928344726562,1.1999264643236529e-05
368,267.94775390625,714.5947265625,3.342473519296618e-06,271.00390625,717.1757202148438,2.094599267365993e-06,137.8471221923828,0.7266614437103271,4.82775521959411e-06,156.27810668945312,4.134757041931152,1.4901117538101971e-05,259.9772644042969,712.2821655273438,0.0006750652100890875,264.5833435058594,715.8760986328125,0.00013352386304177344,266.3601989746094,714.9808959960938,1.1147815712320153e-05,269.0789794921875,708.5928344726562,4.280526809452567e-06
369,267.94775390625,714.5947265625,2.9826755962858442e-06,270.658935546875,717.3765258789062,4.011455075669801e-06,248.50973510742188,714.1065063476562,4.200553576083621e-06,156.59634399414062,4.134757041931152,8.03870443633059e-06,259.9772644042969,712.2821655273438,0.000815936888102442,265.6509704589844,716.1442260742188,5.716006126021966e-05,268.19464111328125,714.9808959960938,1.304685793002136e-05,269.13629150390625,708.6578979492188,5.859711563971359e-06
370,4.91848087310791,3.525064468383789,4.234908374201041e-06,270.658935546875,717.3765258789062,8.113272997434251e-06,137.8471221923828,0.948509693145752,5.1493752835085616e-06,156.59634399414062,4.11964750289917,1.4311698578239884e-05,259.9772644042969,712.5389404296875,0.0018581419717520475,265.6509704589844,716.1442260742188,0.00025343141169287264,268.19464111328125,714.8365478515625,1.4619276953453664e-05,269.0789794921875,708.7781982421875,7.3576038630562834e-06
371,4.887732028961182,3.355356216430664,3.894485871569486e-06,271.00390625,717.1757202148438,3.644435309979599e-06,248.50973510742188,712.9024658203125,5.00055102747865e-06,156.68801879882812,4.11964750289917,1.195368076878367e-05,259.9772644042969,713.2610473632812,0.0007662142743356526,264.5833435058594,716.1442260742188,0.00010905610542977229,262.72442626953125,714.9808959960938,1.8734746845439076e-05,268.5522155761719,708.7781982421875,8.939329745771829e-06
372,4.887732028961182,3.355356216430664,3.2329025998478755e-06,271.00390625,717.08251953125,1.1907937960131676e-06,248.50973510742188,712.9024658203125,3.897179340128787e-06,156.4684295654297,4.11964750289917,9.366296580992639e-06,260.557861328125,712.5389404296875,3.274049231549725e-05,264.5833435058594,715.5296630859375,4.0073740819934756e-05,262.72442626953125,714.9808959960938,1.624678225198295e-05,268.5522155761719,708.5541381835938,5.1113693189108744e-06
373,4.887732028961182,3.355356216430664,4.133301445108373e-06,271.4135437011719,716.8240356445312,1.077529077520012e-06,0.6110193729400635,1.4145522117614746,4.18051558881416e-06,156.4684295654297,4.11964750289917,9.504043191554956e-06,260.7550354003906,712.5389404296875,0.00013781512097921222,266.6968078613281,715.5296630859375,1.83568390639266e-05,76.27395629882812,714.8336181640625,6.504478278657189e-06,81.5727310180664,708.7781982421875,3.785530680033844e-06
374,4.887732028961182,3.8715193271636963,4.112670012546005e-06,293.1029052734375,714.8565673828125,4.382563020044472e-06,0.6110193729400635,1.167841911315918,5.201891781325685e-06,156.4145965576172,4.319762706756592,9.709559890325181e-06,261.2258605957031,712.2713623046875,0.0005335343885235488,266.6968078613281,715.5296630859375,0.0001037758047459647,76.27395629882812,713.5291748046875,9.137443157669622e-06,81.5727310180664,708.4539794921875,7.450234079442453e-06
375,5.278595447540283,3.8715193271636963,3.1662693800171837e-06,271.4135437011719,714.8565673828125,1.2590813867063844e-06,137.3409881591797,1.167841911315918,3.724479256561608e-06,156.4684295654297,4.319762706756592,9.659565876063425e-06,261.2258605957031,711.815673828125,0.00011289896065136418,266.6968078613281,715.5296630859375,1.5024575986899436e-05,155.2230682373047,713.0247802734375,1.803098348318599e-05,155.4305877685547,1.9022951126098633,8.964239896158688e-06
376,269.2922668457031,714.71142578125,4.921414983982686e-06,277.95050048828125,714.0014038085938,2.5882504814944696e-06,137.3409881591797,1.167841911315918,9.246976333088242e-06,156.4088134765625,4.22324275970459,2.687805135792587e-05,260.557861328125,711.6376342773438,0.00013771883095614612,266.6968078613281,716.0165405273438,5.122471702634357e-05,155.2230682373047,713.0247802734375,9.642457371228375e-06,155.8040313720703,1.9022951126098633,5.057382622908335e-06
377,269.2922668457031,714.7235717773438,2.3710006189503474e-06,277.95050048828125,714.0014038085938,8.338158181686595e-07,137.70533752441406,0.2421860694885254,4.767698555951938e-06,156.40037536621094,4.156103134155273,1.1332267604302615e-05,260.5244445800781,711.6376342773438,5.544719533645548e-05,264.46240234375,716.0165405273438,1.0108316018886399e-05,155.2230682373047,713.0247802734375,3.8111372759885853e-06,155.8040313720703,1.9022951126098633,2.6814116154127987e-06
378,268.7164001464844,714.7235717773438,3.326100795675302e-06,271.7254638671875,714.0014038085938,1.7822726476879325e-06,137.70533752441406,0.2421860694885254,6.11035875408561e-06,156.28976440429688,4.156103134155273,2.3948938178364187e-05,260.5244445800781,711.815673828125,0.00034791414509527385,258.66845703125,715.9926147460938,1.626295124879107e-05,155.91062927246094,714.647705078125,6.156878953333944e-06,155.90200805664062,1.9022951126098633,4.880840151599841e-06
379,5.278595447540283,3.4691126346588135,5.169707037566695e-06,270.9210510253906,716.5252685546875,7.296553121705074e-06,137.70533752441406,0.2421860694885254,3.9756969272275455e-06,156.40037536621094,4.156103134155273,1.2124346540076658e-05,259.3883361816406,712.3843383789062,0.002404525876045227,258.66845703125,715.6256713867188,0.00019263998547103256,155.91062927246094,715.3544921875,2.5241204639314674e-05,155.90200805664062,1.9022951126098633,5.86926398682408e-06
380,5.158769607543945,2.7699484825134277,3.2435536923003383e-06,270.9210510253906,716.5252685546875,1.3471935744746588e-06,137.48248291015625,-0.14510583877563477,2.912585159720038e-06,156.40037536621094,4.120700359344482,6.80254697726923e-06,260.1329040527344,712.747802734375,0.00018612813437357545,258.66845703125,715.6256713867188,1.3494899576471653e-05,2.5642457008361816,715.3544921875,4.647839887184091e-06,155.90200805664062,1.702239990234375,3.799687192440615e-06
381,5.158769607543945,2.7699484825134277,2.7022126687370474e-06,270.86773681640625,716.7197265625,8.181119142136595e-07,137.48248291015625,-0.14510583877563477,5.18393471793388e-06,156.43577575683594,4.120700359344482,1.07819751065108e-05,260.1329040527344,712.747802734375,0.0002350584982195869,264.46240234375,714.3157348632812,2.126544677594211e-05,263.08636474609375,714.647705078125,8.370063369511627e-06,3.040818691253662,-1.0780730247497559,2.4266253149107797e-06
382,4.93949031829834,2.7699484825134277,3.3861526844702894e-06,270.86773681640625,716.7197265625,8.48743979986466e-07,137.48248291015625,-0.14510583877563477,3.1209942790155765e-06,156.4911346435547,4.302041530609131,1.0070482858282048e-05,260.1329040527344,713.0769653320312,5.3644678700948134e-05,264.97125244140625,714.3157348632812,1.587200677022338e-05,261.134765625,714.9952392578125,4.164297024544794e-06,3.040818691253662,-1.0780730247497559,3.048019607376773e-06
383,4.905807971954346,3.099012851715088,2.409999524388695e-06,270.8373718261719,716.7197265625,7.85142674430972e-06,152.03488159179688,-0.14510583877563477,1.3101381227897946e-05,156.4911346435547,4.302041530609131,1.6355774278054014e-05,259.3883361816406,712.3843383789062,0.008631547912955284,264.97125244140625,714.3157348632812,0.00015848471957724541,261.134765625,714.5977172851562,9.97630922938697e-06,3.040217161178589,-1.3703055381774902,2.780162958515575e-06
384,4.901011943817139,3.099012851715088,2.1778973859909456e-06,270.86773681640625,716.7197265625,1.1203973144802148e-06,152.64503479003906,-0.1825881004333496,4.952772542310413e-06,156.53627014160156,4.186399459838867,3.119384928140789e-05,260.1329040527344,713.3765869140625,9.730924648465589e-05,265.1492004394531,714.3157348632812,9.713079634821042e-06,261.134765625,714.5977172851562,4.440460543264635e-06,3.040818691253662,-1.0780730247497559,3.3830378924903926e-06
385,4.901011943817139,3.2066197395324707,3.169105866618338e-06,270.86773681640625,716.9817504882812,1.960454937943723e-06,249.35475158691406,713.4607543945312,6.393049261532724e-06,156.53627014160156,4.186399459838867,8.458483534923289e-06,260.6025695800781,713.3541870117188,0.0001350762031506747,265.4333801269531,715.7918090820312,2.0395660612848587e-05,261.4251708984375,714.9952392578125,8.071898264461197e-06,155.3075408935547,1.425445556640625,3.0749647521588486e-06
386,4.901011943817139,3.3883893489837646,2.1473060769494623e-06,270.57611083984375,717.172119140625,7.563168082924676e-07,247.37429809570312,713.1481323242188,3.6424303289095405e-06,156.3518524169922,3.8702220916748047,1.2445406355254818e-05,260.7273864746094,713.3765869140625,6.769526225980371e-05,265.5742492675781,716.5880737304688,1.873767723736819e-05,261.4251708984375,715.1463623046875,5.0948128773598e-06,268.1552734375,709.0625610351562,2.140656988558476e-06
387,4.901011943817139,3.099012851715088,3.7162546959734755e-06,270.3536376953125,717.3040771484375,5.731406872655498e-06,247.37429809570312,713.1481323242188,4.022856046503875e-06,156.19602966308594,3.7469024658203125,1.2217444236739539e-05,260.6025695800781,713.4503784179688,0.0005635504494421184,265.5742492675781,715.7918090820312,0.00017284277419093996,261.4251708984375,715.1463623046875,1.9903378415619954e-05,268.1552734375,712.9904174804688,5.9477156355569605e-06
388,268.38494873046875,716.3388671875,3.2136961181095103e-06,270.3536376953125,716.9817504882812,1.926601726154331e-06,247.37429809570312,713.1481323242188,4.346426067058928e-06,156.19602966308594,3.7469024658203125,1.0960845429508481e-05,260.6025695800781,713.4503784179688,0.0002767491096165031,265.75213623046875,716.5113525390625,3.3430918847443536e-05,267.1100769042969,715.1463623046875,8.783827070146799e-06,268.7052307128906,714.4417724609375,7.3556252573325764e-06
389,268.38494873046875,716.3388671875,3.3711667128955014e-06,270.00128173828125,716.9817504882812,1.019743376673432e-05,247.37429809570312,713.1481323242188,5.840491212438792e-06,156.19602966308594,3.8213982582092285,1.0992175702995155e-05,260.0041809082031,713.3541870117188,0.00015639013145118952,265.5742492675781,715.7918090820312,0.0001115785853471607,267.1100769042969,715.0833740234375,0.00038074469193816185,268.1552734375,714.4417724609375,0.0014266511425375938
390,269.0134582519531,716.4591064453125,3.139712589472765e-06,270.00128173828125,716.687744140625,4.660921149479691e-06,247.37429809570312,710.5628051757812,5.862852958671283e-06,156.6297149658203,3.8213982582092285,1.1370003448973875e-05,260.0041809082031,712.97314453125,0.002270712750032544,265.4454040527344,716.5113525390625,8.363748929696158e-05,266.2903747558594,715.0833740234375,7.599212040076964e-06,268.1552734375,712.9904174804688,5.4280135373119265e-06
391,269.0134582519531,715.7234497070312,4.535430434771115e-06,270.00128173828125,716.1559448242188,1.4182729728418053e-06,248.2598114013672,710.5628051757812,7.697100954828784e-06,156.75514221191406,4.32997465133667,4.861086927121505e-05,260.0041809082031,712.97314453125,3.857235424220562e-05,265.4454040527344,716.5113525390625,2.094475166813936e-05,266.2903747558594,715.0833740234375,9.978230991691817e-06,268.3548278808594,709.2693481445312,7.549428573838668e-06
392,269.0134582519531,715.7234497070312,6.033208137523616e-06,270.4051513671875,715.457763671875,8.349264135176782e-06,248.2598114013672,710.5628051757812,7.020529210421955e-06,156.75514221191406,4.32997465133667,2.672313894436229e-05,260.2742919921875,711.8051147460938,0.00284870364703238,265.4454040527344,716.5113525390625,9.485328337177634e-05,266.2903747558594,715.4196166992188,1.7821837900555693e-05,268.3548278808594,708.3226928710938,1.413150857842993e-05
393,268.2220153808594,715.7234497070312,4.32917522630305e-06,270.46661376953125,715.457763671875,4.90314960188698e-06,248.94985961914062,710.5628051757812,7.474109679606045e-06,156.75514221191406,4.32997465133667,1.0587934411887545e-05,260.2742919921875,711.8051147460938,0.00015852643991820514,259.9353332519531,716.9022827148438,7.920825737528503e-05,261.3345642089844,715.4196166992188,1.7938335076905787e-05,155.56973266601562,2.196366786956787,6.029641554050613e-06
394,268.2220153808594,715.7234497070312,2.660732661752263e-06,270.46661376953125,715.457763671875,1.760868713063246e-06,248.94985961914062,710.6841430664062,5.581787263508886e-06,156.75514221191406,4.33101749420166,1.142545988841448e-05,260.2742919921875,712.6171264648438,0.0003517563745845109,259.9353332519531,716.9022827148438,1.6131163647514768e-05,261.3345642089844,715.4196166992188,7.315532457141671e-06,3.1273584365844727,-0.5037035942077637,2.9486323001037817e-06
395,268.2220153808594,715.0798950195312,4.977955086360453e-06,272.2992248535156,715.457763671875,9.653175766288769e-06,247.1959991455078,710.6841430664062,1.0665360605344176e-05,156.5684814453125,4.33101749420166,8.420839549216907e-06,259.1179504394531,712.6202392578125,0.006989580113440752,259.9353332519531,716.7785034179688,0.0001750027877278626,261.0789489746094,714.63037109375,1.6870946637936868e-05,3.1273584365844727,-0.5037035942077637,4.338905000622617e-06
396,268.2220153808594,714.3396606445312,5.024749498261372e-06,272.2992248535156,715.457763671875,1.6040005448303418e-06,137.8377685546875,0.45397090911865234,6.6662814788287506e-06,156.5684814453125,4.31974983215332,9.737574146129191e-06,259.1179504394531,712.6171264648438,0.00013909918197896332,259.9353332519531,716.749755859375,3.018678216903936e-05,261.0789489746094,714.63037109375,9.418318768439349e-06,3.1273584365844727,-0.5037035942077637,5.554731615120545e-06
397,268.2220153808594,714.3396606445312,2.1459240997501183e-06,272.2992248535156,715.5612182617188,2.357733364988235e-06,152.28903198242188,0.18212461471557617,6.1616074162884615e-06,156.31919860839844,4.33101749420166,2.9134966098354198e-05,259.1179504394531,712.6202392578125,0.0005728230462409556,259.9353332519531,716.749755859375,0.0001044192467816174,261.0789489746094,714.330810546875,1.875374982773792e-05,155.35887145996094,1.4105372428894043,3.0710054943483556e-06
398,4.554905891418457,3.35447096824646,6.685437256237492e-06,271.5903015136719,715.6922607421875,2.4266507807624293e-06,137.8377685546875,0.18212461471557617,5.033492925576866e-06,156.30484008789062,4.31974983215332,1.7670168745098636e-05,259.29534912109375,713.0026245117188,0.00020862751989625394,5.0795183181762695,2.2831523418426514,7.487221591873094e-05,2.727501392364502,714.63037109375,9.013179806061089e-06,155.35887145996094,1.4105372428894043,3.8034650060581043e-06
399,4.554905891418457,3.889677047729492,3.1620297704648692e-06,272.26690673828125,716.3045654296875,1.3739952464675298e-06,137.50315856933594,0.0768442153930664,6.2085059653327335e-06,156.30484008789062,4.200889587402344,4.442559657036327e-05,261.1713562011719,712.9163208007812,6.63106475258246e-05,260.0730285644531,716.2117309570312,1.6993717508739792e-05,261.0789489746094,714.63037109375,6.802189545851434e-06,155.35887145996094,1.4105372428894043,5.454546226246748e-06
400,4.460946083068848,3.35447096824646,3.6095862014917657e-06,271.5903015136719,716.537109375,1.6412274135291227e-06,137.21090698242188,0.18212461471557617,4.019630978291389e-06,156.5149383544922,4.200889587402344,4.7277594603656325e-06,261.1713562011719,712.9163208007812,0.00027527884230948985,264.81817626953125,716.2117309570312,1.7273512639803812e-05,265.99322509765625,714.8969116210938,7.607586212543538e-06,2.9397459030151367,-0.9687857627868652,3.899551302311011e-06
401,4.460946083068848,3.35447096824646,2.3978054741746746e-06,271.5903015136719,716.537109375,2.8275844670133665e-06,137.21090698242188,0.8353774547576904,3.134766757284524e-06,156.30484008789062,4.276370525360107,7.478823135897983e-06,261.1713562011719,712.9163208007812,0.0006502433679997921,5.0795183181762695,2.084207773208618,2.6438805434736423e-05,2.727501392364502,714.37158203125,8.113009243970737e-06,2.776453971862793,-1.066807746887207,2.9178199838497676e-06
402,4.554905891418457,3.889677047729492,3.2585628559900215e-06,272.0512390136719,715.6922607421875,1.604591034265468e-06,137.21090698242188,1.304100751876831,3.2943300993792946e-06,156.5149383544922,4.276370525360107,4.89868125441717e-06,260.7437438964844,712.7518920898438,0.0004746438644360751,259.6814270019531,716.2117309570312,1.6255726222880185e-05,252.73033142089844,714.8969116210938,5.733893885917496e-06,2.776453971862793,-1.066807746887207,3.0106536996754585e-06
403,5.2541117668151855,3.889677047729492,4.342696684034308e-06,272.0512390136719,716.537109375,3.417869720578892e-06,152.55099487304688,0.8353774547576904,6.262859642447438e-06,156.5149383544922,4.433707237243652,8.911410986911505e-06,260.7437438964844,712.7518920898438,8.396255725529045e-05,264.81817626953125,716.357177734375,1.7436435882700607e-05,252.73033142089844,714.37158203125,6.814591415604809e-06,2.776453971862793,-1.066807746887207,4.76330842502648e-06
404,269.8194274902344,714.9237670898438,9.940590643964242e-06,272.0512390136719,716.2317504882812,9.241844963980839e-06,152.55099487304688,0.8353774547576904,6.350470812321873e-06,156.55838012695312,4.622501850128174,1.4395279322343413e-05,260.7437438964844,712.7133178710938,0.0013663559220731258,265.1292419433594,716.357177734375,8.335904567502439e-05,155.54318237304688,4.232556343078613,2.5547502445988357e-05,2.969432830810547,-1.066807746887207,4.6372233555302955e-06
405,286.3708801269531,715.1910400390625,3.884533725795336e-06,272.0512390136719,716.2317504882812,1.171784674625087e-06,247.67233276367188,710.5266723632812,4.5117208173905965e-06,156.55838012695312,4.622501850128174,1.4543714314640965e-05,260.4220275878906,712.14208984375,0.0004221759154461324,265.5218811035156,716.357177734375,4.714711758424528e-05,155.54318237304688,4.232556343078613,6.093273896112805e-06,155.41065979003906,1.9481008052825928,3.5898949590773555e-06
406,269.8194274902344,715.1910400390625,2.797185970848659e-06,271.7985534667969,716.2317504882812,1.310999095949228e-06,152.55099487304688,0.36736035346984863,5.629977295029676e-06,156.6051025390625,4.622501850128174,3.598126204451546e-05,260.4220275878906,711.6903686523438,0.00013477090396918356,265.5218811035156,716.357177734375,3.761871994356625e-05,155.54318237304688,4.232556343078613,6.538372872455511e-06,155.41065979003906,1.9481008052825928,4.599039129971061e-06
407,286.3708801269531,714.3250732421875,6.0406632655940484e-06,271.7985534667969,716.2317504882812,2.555633727752138e-06,152.55099487304688,0.36736035346984863,3.913787168130511e-06,156.6051025390625,4.622501850128174,1.2498202522692736e-05,260.4220275878906,711.6903686523438,0.0005032794433645904,265.5218811035156,716.357177734375,0.0006176322931423783,155.54318237304688,4.232556343078613,0.00010260006820317358,3.061875820159912,-0.5987601280212402,9.207641596731264e-06
408,286.3708801269531,714.3250732421875,5.298922587826382e-06,271.93890380859375,716.2317504882812,2.531333848310169e-06,152.10687255859375,0.29074597358703613,8.20786772237625e-06,156.6051025390625,4.436125755310059,1.3165923519409262e-05,260.23297119140625,711.6903686523438,0.00015613935829605907,265.25811767578125,716.1434936523438,2.776671499304939e-05,265.87835693359375,715.0606079101562,1.4181677215674426e-05,155.41065979003906,1.5457508563995361,6.758620656910352e-06
409,4.691638946533203,2.786068916320801,4.5002857405052055e-06,271.7985534667969,707.0703125,2.6494469693716383e-06,137.63467407226562,0.29074597358703613,4.6138961806718726e-06,156.6051025390625,4.307787895202637,5.868911557627143e-06,260.23297119140625,712.43896484375,0.0009908844949677587,265.25811767578125,716.4702758789062,5.717439853469841e-05,265.87835693359375,715.0606079101562,8.356671969522722e-06,155.5553436279297,1.408534288406372,3.3370970413670875e-06
410,4.691638946533203,2.769841194152832,3.27622433360375e-06,271.87396240234375,707.0703125,7.661034032935277e-06,137.51783752441406,0.015572071075439453,6.94419350111275e-06,156.4840850830078,4.180124282836914,2.0226003471179865e-05,260.446044921875,712.6177978515625,0.002726698759943247,263.7890625,716.1434936523438,0.00016772228991612792,155.37890625,3.7484018802642822,1.3905791092838626e-05,155.35182189941406,1.408534288406372,3.5573309560277266e-06
411,5.077552795410156,2.786068916320801,3.1435233722731937e-06,271.93890380859375,715.6310424804688,1.0022893093264429e-06,137.63467407226562,0.29074597358703613,8.24372546048835e-06,156.4840850830078,4.136658191680908,5.31541918462608e-05,260.3374328613281,712.8004760742188,0.00010752055095508695,263.7890625,716.1434936523438,1.532626811240334e-05,155.37890625,712.5135498046875,8.140258614730556e-06,155.35182189941406,1.5457508563995361,4.2707406464614905e-06
412,5.077552795410156,2.786068916320801,2.9121517854946433e-06,271.87396240234375,715.9917602539062,1.7914918544192915e-06,137.63467407226562,0.29074597358703613,6.446060524467612e-06,156.4840850830078,4.136658191680908,1.3228474017523695e-05,260.3374328613281,712.6177978515625,0.0002858616935554892,263.7890625,715.8779296875,1.7668602595222183e-05,155.37890625,712.5135498046875,4.204569449939299e-06,155.5553436279297,2.065377712249756,2.8057381769031053e-06
413,5.077552795410156,3.253973960876465,3.7283916753949597e-06,271.5137634277344,715.6310424804688,2.074588110190234e-06,137.63467407226562,0.6219489574432373,4.2262377064616885e-06,156.4840850830078,3.8894541263580322,1.1443802577559836e-05,260.446044921875,712.6177978515625,5.630516534438357e-05,264.7685546875,715.8779296875,1.6337815395672806e-05,155.30712890625,4.104196548461914,8.784312740317546e-06,155.35182189941406,2.065377712249756,3.565577571862377e-05
414,5.077552795410156,3.253973960876465,1.2720625818474218e-05,271.5137634277344,715.9917602539062,1.893357875815127e-05,137.51766967773438,0.6219489574432373,1.0679161277948879e-05,156.61373901367188,3.8894541263580322,1.271116707357578e-05,260.3374328613281,712.6177978515625,0.01644573174417019,264.7685546875,715.8779296875,0.0003819411213044077,155.30712890625,712.5135498046875,2.001022221520543e-05,155.35182189941406,708.5409545898438,7.023958005447639e-06
415,5.077552795410156,4.328128814697266,4.362630079413066e-06,271.2129821777344,715.9917602539062,1.0710673450375907e-06,248.44171142578125,710.3045654296875,5.467800747283036e-06,156.83514404296875,3.8894541263580322,2.2365027689374983e-05,260.3374328613281,712.3541259765625,7.311783701879904e-05,265.5766906738281,715.9251708984375,3.5031334846280515e-05,266.9451599121094,714.829345703125,5.446904651762452e-06,266.9203186035156,708.5409545898438,4.8681581574783195e-06
416,268.3848876953125,701.3445434570312,3.0979297207522905e-06,271.2129821777344,715.9917602539062,1.9513336155796424e-06,137.43666076660156,0.6219489574432373,3.7991692352079554e-06,156.61373901367188,4.193760871887207,8.251315193774644e-06,261.0150451660156,712.3055419921875,0.00038013453013263643,266.37457275390625,715.9251708984375,8.764195808907971e-05,267.0199890136719,714.9166259765625,6.1804284996469505e-06,266.9203186035156,703.6627807617188,3.057443336729193e-06
417,272.888916015625,701.3445434570312,7.507227564929053e-06,271.20550537109375,716.6281127929688,3.889155777869746e-06,137.43666076660156,0.6219489574432373,3.986806405009702e-06,156.5174560546875,4.286125659942627,8.592257472628262e-06,261.0150451660156,711.5844116210938,0.003055801149457693,266.37457275390625,716.0575561523438,3.7328791222535074e-05,266.9451599121094,714.829345703125,7.551279395556776e-06,266.9203186035156,703.6627807617188,1.1276381883362774e-05
418,272.888916015625,701.3445434570312,6.958519406907726e-06,271.20550537109375,716.6281127929688,2.126051185769029e-06,152.0852508544922,0.13346457481384277,4.714157967100618e-06,156.83514404296875,4.296638011932373,1.5956191418808885e-05,261.0150451660156,712.3055419921875,0.00010168412700295448,265.5766906738281,716.0575561523438,4.429281034390442e-05,266.9451599121094,714.829345703125,7.641478077857755e-06,266.9203186035156,703.6627807617188,4.01394254367915e-06
419,272.888916015625,701.3445434570312,8.428810360783245e-06,271.20550537109375,716.6281127929688,1.1949886356887873e-05,248.44171142578125,710.0137329101562,6.5299605012114625e-06,156.8671875,4.686718940734863,4.290584911359474e-05,261.0150451660156,712.3055419921875,0.0031618401408195496,265.3443603515625,716.3442993164062,0.00018096940766554326,266.9451599121094,714.829345703125,2.794818465190474e-05,266.9203186035156,703.6627807617188,2.2130754587124102e-05
420,4.722833633422852,3.4282257556915283,2.6255443117406685e-06,271.08258056640625,716.5574340820312,1.0787526889544097e-06,152.0852508544922,0.9688715934753418,4.17217961512506e-06,156.5174560546875,4.296638011932373,1.3994766959513072e-05,260.76214599609375,713.237060546875,7.62221752665937e-05,264.9718017578125,716.3442993164062,1.4289917999121826e-05,266.2378234863281,714.7322998046875,8.136868018482346e-06,155.5221405029297,1.7788898944854736,3.9319429561146535e-06
421,4.397660732269287,2.9024147987365723,2.538109583838377e-06,269.7612609863281,716.5574340820312,2.6775655896926764e-06,152.0852508544922,0.9688715934753418,3.5716186630452285e-06,156.48318481445312,4.296638011932373,9.383703400089871e-06,259.567626953125,713.237060546875,0.0002208252262789756,264.8365478515625,716.3442993164062,0.00014365039533004165,261.533203125,714.0328369140625,1.830451947171241e-05,155.5221405029297,1.7788898944854736,4.502951924223453e-06
422,4.397660732269287,2.5863635540008545,5.421427886176389e-06,269.7612609863281,715.3067016601562,2.6043792331620352e-06,152.0852508544922,0.9688715934753418,6.898490482853958e-06,156.61764526367188,4.296638011932373,1.4986240785219707e-05,259.3727111816406,713.237060546875,0.00021398974058683962,260.8393249511719,716.3442993164062,4.007370080216788e-05,169.95855712890625,3.838268995285034,2.458451854181476e-05,2.8423140048980713,-0.08201074600219727,6.6445045376894996e-06
423,4.619373321533203,2.5863635540008545,4.4196704038768075e-06,253.507080078125,715.3067016601562,1.820071815927804e-06,0.8290753364562988,0.9688715934753418,5.657000201608753e-06,156.48318481445312,4.1697916984558105,1.9207354853278957e-05,246.5398406982422,711.545654296875,5.335881724022329e-05,5.341671943664551,2.383685350418091,2.4432831196463667e-05,169.95855712890625,3.8752634525299072,9.359974683320615e-06,2.8423140048980713,-1.0611743927001953,4.207882739137858e-06
424,4.028519630432129,2.8858656883239746,3.292461542514502e-06,1.8803277015686035,-1.83156156539917,1.9204162526875734e-06,0.7794747352600098,0.8077435493469238,4.700537374446867e-06,156.30445861816406,4.1697916984558105,1.1587633707677014e-05,246.5398406982422,711.545654296875,1.4452033610723447e-05,4.746967315673828,2.205409049987793,1.6637197404634207e-05,-1.8603649139404297,3.8752634525299072,7.1023769123712555e-06,2.6797406673431396,-1.0611743927001953,2.932535380750778e-06
425,4.363349914550781,2.593208074569702,5.219379090704024e-06,1.8803277015686035,-2.438368320465088,1.662651015976735e-06,0.7794747352600098,0.6258478164672852,4.800333044840954e-06,156.4425048828125,4.1697916984558105,6.745709470123984e-06,246.5398406982422,711.545654296875,9.866332402452826e-05,4.688482284545898,1.7765045166015625,2.402018799330108e-05,-1.8603649139404297,3.838268995285034,6.278090950218029e-06,2.6797406673431396,-1.0611743927001953,4.267113126843469e-06
426,4.619373321533203,2.8858656883239746,3.986832780356053e-06,1.8904399871826172,-2.470083236694336,1.2017322887913906e-06,137.84732055664062,0.6258478164672852,4.86387989440118e-06,156.2701873779297,4.305350303649902,2.4495824618497863e-05,259.34417724609375,711.7279663085938,2.98109862342244e-05,4.746967315673828,1.7765045166015625,2.046012377832085e-05,169.57391357421875,2.4464383125305176,8.314024853461888e-06,2.8423140048980713,-0.8614583015441895,4.875629656453384e-06
427,4.619373321533203,3.2257628440856934,4.597087809088407e-06,1.8904399871826172,-2.470083236694336,1.690043973212596e-06,137.84732055664062,0.6258478164672852,5.947755198576488e-06,156.2701873779297,4.162256717681885,1.820973375288304e-05,259.59759521484375,712.3265991210938,7.263049337780103e-05,5.341671943664551,2.383685350418091,2.2480779080069624e-05,169.57391357421875,3.8752634525299072,8.014225386432372e-06,3.1515109539031982,-0.6560044288635254,5.144211627339246e-06
428,4.363349914550781,2.8858656883239746,3.4227853120682994e-06,1.8904399871826172,-2.470083236694336,8.278408927253622e-07,137.84732055664062,0.5301785469055176,4.120699031773256e-06,156.4425048828125,4.305350303649902,2.261644294776488e-05,260.64776611328125,713.148681640625,4.552954123937525e-05,5.919300556182861,2.390791893005371,1.5852976503083482e-05,170.09274291992188,4.0570526123046875,6.196764843480196e-06,155.8811492919922,1.4497122764587402,3.685091769511928e-06
429,4.68534517288208,3.0147697925567627,4.166060534771532e-06,269.5477600097656,716.2434692382812,1.5391917258966714e-05,152.6297607421875,0.13947486877441406,5.708702701667789e-06,156.4961395263672,4.162256717681885,2.058345671684947e-05,259.59759521484375,713.148681640625,0.007936454378068447,261.6640625,715.600341796875,0.00015901814913377166,170.32327270507812,2.856600284576416,1.9155715563101694e-05,155.8811492919922,1.4497122764587402,5.760344720329158e-06
430,5.2186808586120605,3.564136505126953,5.112553481012583e-06,270.2375793457031,716.576416015625,5.791610419692006e-06,152.86029052734375,0.5301785469055176,7.935548637760803e-06,157.1295928955078,4.40397310256958,2.5802119125728495e-05,259.59759521484375,713.1881103515625,0.00036590834497474134,264.41217041015625,715.9976806640625,0.00012044193863403052,265.3929443359375,714.7615966796875,4.3226973502896726e-05,267.8703308105469,708.4456176757812,8.046505172387697e-06
431,4.68534517288208,3.22017765045166,2.397320940872305e-06,270.2375793457031,716.576416015625,1.0847556950466242e-06,152.86029052734375,0.6981394290924072,5.83208748139441e-06,157.1295928955078,3.9628994464874268,1.572893415868748e-05,260.4552917480469,713.1881103515625,7.902289507910609e-05,264.41217041015625,715.9976806640625,1.6575215340708382e-05,265.3929443359375,714.7615966796875,5.219976173975738e-06,267.8703308105469,708.4456176757812,2.7529008548299316e-06
432,4.68534517288208,3.22017765045166,4.1531407077854965e-06,270.2375793457031,716.4920654296875,1.005847479973454e-05,152.86029052734375,0.6981394290924072,7.065147656248882e-06,267.42083740234375,715.3085327148438,1.5693574823671952e-05,260.4552917480469,713.1881103515625,0.0023708289954811335,265.11578369140625,716.3120727539062,0.00019710342166945338,267.350341796875,714.7615966796875,2.436193790344987e-05,267.914794921875,713.9915771484375,8.490860636811703e-06
433,4.68534517288208,3.22017765045166,2.7979838250757894e-06,270.2808532714844,716.443603515625,7.995286068762653e-07,247.91001892089844,710.259765625,3.324584895381122e-06,157.1295928955078,4.118565559387207,1.0020084118878003e-05,260.1476135253906,713.117431640625,2.0904222765238956e-05,264.41217041015625,716.2785034179688,1.508961031504441e-05,265.2086181640625,714.2628784179688,4.638444352167426e-06,155.61141967773438,1.7180683612823486,2.7492487788549624e-06
434,267.18243408203125,715.2249145507812,6.620493422815343e-06,270.2808532714844,716.4920654296875,1.5093869478732813e-05,247.91001892089844,710.259765625,1.2055547813361045e-05,156.78562927246094,4.569421291351318,2.5159737560898066e-05,260.4552917480469,713.117431640625,0.003717319341376424,265.11578369140625,715.9976806640625,0.000806884840130806,265.2086181640625,714.7615966796875,3.9203114283736795e-05,155.61141967773438,1.7180683612823486,1.515816074970644e-05
435,4.673967361450195,3.22017765045166,4.072298906976357e-06,271.347412109375,716.443603515625,3.1604981813870836e-06,137.1610565185547,1.084200382232666,1.0560566806816496e-05,156.78562927246094,4.225736618041992,4.530302248895168e-05,260.4552917480469,712.6100463867188,0.0010098193306475878,263.06884765625,715.0682373046875,3.0318131393869407e-05,2.958545207977295,714.2628784179688,7.317032668652246e-06,3.091592788696289,-0.29723310470581055,5.114275154483039e-06
436,267.18243408203125,715.8809204101562,2.3465868252969813e-06,272.5356750488281,716.4920654296875,3.275258904977818e-06,137.92910766601562,1.084200382232666,3.7599820643663406e-06,156.78562927246094,4.483663082122803,9.243309250450693e-06,260.29022216796875,712.6100463867188,0.00034083492937497795,264.25848388671875,716.2785034179688,1.060816885001259e-05,2.958545207977295,714.2628784179688,4.907149104838027e-06,3.091592788696289,-0.29723310470581055,2.32845195569098e-06
437,268.7405090332031,715.8809204101562,4.45107707491843e-06,272.5356750488281,716.599365234375,3.067522584387916e-06,137.92910766601562,1.084200382232666,6.96119423082564e-06,156.78562927246094,4.483663082122803,1.6272244465653785e-05,260.8573303222656,712.9307250976562,0.00019386588246561587,264.25848388671875,716.2785034179688,2.964055966003798e-05,2.958545207977295,714.2628784179688,1.1801424079749268e-05,3.091592788696289,-0.29723310470581055,6.166845651023323e-06
438,268.7405090332031,715.8809204101562,6.573811788257444e-06,272.5356750488281,716.599365234375,3.219171730961534e-06,137.8741455078125,0.26099205017089844,7.31194086256437e-06,156.65476989746094,4.483663082122803,1.9271976270829327e-05,261.5630187988281,712.9307250976562,0.0005032626795582473,266.0812683105469,715.4133911132812,3.50463051290717e-05,2.958545207977295,4.073982238769531,5.99319719185587e-06,3.091592788696289,-0.29723310470581055,4.4713069655699655e-06
439,5.022337913513184,3.7699310779571533,5.2705086091009434e-06,272.5356750488281,716.0313720703125,6.58690123600536e-06,137.92910766601562,1.084200382232666,4.78129913972225e-06,156.84817504882812,4.483663082122803,1.7502241462352686e-05,261.06396484375,712.9307250976562,0.0037472392432391644,266.0812683105469,716.3226928710938,0.00010742113227024674,155.8920440673828,4.073982238769531,1.274895930691855e-05,155.85385131835938,1.7929868698120117,8.151764632202685e-06
440,5.022337913513184,3.7699310779571533,2.288445330123068e-06,271.0115966796875,716.599365234375,1.573393547005253e-06,264.4725341796875,709.3700561523438,6.230826784303645e-06,156.65476989746094,4.483663082122803,1.419181080564158e-05,260.8573303222656,712.9307250976562,0.00012293606414459646,266.0812683105469,716.557373046875,1.723804780340288e-05,266.13916015625,714.242431640625,5.2039117690583225e-06,268.1102600097656,708.5262451171875,3.095094598393189e-06
441,4.591505527496338,3.7699310779571533,2.832256086549023e-06,271.0115966796875,716.0313720703125,3.14312137561501e-06,264.4725341796875,709.3700561523438,6.240174570848467e-06,156.5939178466797,4.296280860900879,1.355632321065059e-05,261.06396484375,712.9307250976562,0.00014656245184596628,266.0812683105469,716.3226928710938,4.761616946780123e-05,267.3101501464844,714.6885986328125,1.755216726451181e-05,268.1102600097656,708.5262451171875,6.622293312830152e-06
442,4.591505527496338,3.5501091480255127,4.0382160477747675e-06,293.82183837890625,709.7678833007812,2.6346012873545988e-06,137.8741455078125,0.15842628479003906,8.61114949657349e-06,156.48020935058594,4.296280860900879,1.5028746929601766e-05,261.06396484375,713.3311767578125,0.00043049469240941107,265.9709167480469,716.3226928710938,2.0975634470232762e-05,266.13916015625,714.242431640625,1.3148858670319896e-05,155.85385131835938,1.7929868698120117,6.100669907027623e-06
443,4.591505527496338,3.7699310779571533,3.4524280181358336e-06,271.93121337890625,716.0313720703125,2.338655804123846e-06,137.68507385253906,1.1910617351531982,4.795688710146351e-06,156.33853149414062,4.296280860900879,9.445024261367507e-06,261.06396484375,713.3311767578125,0.00021128635853528976,265.9709167480469,716.3226928710938,4.312383316573687e-05,267.3101501464844,714.6885986328125,4.7713738240418024e-06,268.1102600097656,708.5262451171875,3.5088462482235627e-06
444,4.9078874588012695,3.7982630729675293,3.0211806461011292e-06,273.16973876953125,716.3623046875,7.811244131517014e-07,137.68507385253906,0.15842628479003906,5.757076905865688e-06,156.33853149414062,4.127570629119873,2.1431393179227598e-05,260.72235107421875,712.6813354492188,1.997013168875128e-05,265.21893310546875,716.6554565429688,2.4389135433011688e-05,266.13916015625,714.242431640625,6.4916939663817175e-06,267.6126708984375,707.9346313476562,4.156385330134071e-06
445,4.9078874588012695,3.7982630729675293,5.840190624439856e-06,293.82183837890625,707.75830078125,5.4045062825025525e-06,137.24957275390625,0.15842628479003906,4.415006515046116e-06,156.37469482421875,4.129210472106934,9.947418220690452e-06,260.5918273925781,713.6158447265625,0.0011540299747139215,264.82415771484375,716.2821655273438,4.482434087549336e-05,260.8882751464844,713.231689453125,9.46260570344748e-06,155.82745361328125,1.2147839069366455,4.480236839299323e-06
446,268.6404724121094,701.2521362304688,8.475552931486163e-06,273.16973876953125,715.8084106445312,5.152592621016083e-06,137.68507385253906,0.4493696689605713,4.11732025895617e-06,156.37469482421875,4.129210472106934,2.172721542592626e-05,260.5918273925781,713.6158447265625,0.007335892878472805,264.82415771484375,716.2821655273438,4.217540117679164e-05,260.8882751464844,713.231689453125,1.0687026588129811e-05,267.6126708984375,707.9346313476562,7.133432518457994e-06
447,268.6404724121094,701.2521362304688,3.223512521799421e-06,271.93121337890625,715.8084106445312,1.0511788559597335e-06,137.10348510742188,0.4493696689605713,3.2761927286628634e-06,156.37469482421875,4.127570629119873,8.461855031782761e-06,261.6469421386719,713.6158447265625,4.670726048061624e-05,263.6815490722656,715.9171752929688,2.2531710783368908e-05,260.8882751464844,713.231689453125,7.142772574297851e-06,267.6126708984375,707.9346313476562,3.7019465253251838e-06
448,5.240052700042725,3.3508434295654297,3.5187483717891155e-06,271.6344909667969,715.8084106445312,4.471545707929181e-06,137.3633270263672,0.16862964630126953,6.988831955823116e-06,156.37469482421875,4.129210472106934,1.6209114619414322e-05,260.1910705566406,712.5685424804688,0.0001681413414189592,263.6815490722656,715.9171752929688,0.0001348167861578986,260.8882751464844,713.231689453125,2.0741132175317034e-05,267.6126708984375,707.9346313476562,7.286992513400037e-06
449,4.690876007080078,3.284656047821045,3.5055215903412318e-06,269.8537292480469,1.4527912139892578,1.1146177030241233e-06,137.10348510742188,0.4493696689605713,5.478615548781818e-06,156.3276824951172,4.129210472106934,1.8048842321150005e-05,259.71160888671875,712.5685424804688,3.6398130760062486e-05,4.650786399841309,2.1203577518463135,2.013412995438557e-05,-1.5397162437438965,4.022190093994141,6.259450401557842e-06,2.8584306240081787,-0.8525614738464355,4.121288384340005e-06
450,5.240052700042725,3.3508434295654297,3.083616093135788e-06,269.8537292480469,715.8084106445312,2.4417611257376848e-06,137.3633270263672,0.7424414157867432,6.432881491491571e-06,156.3276824951172,4.363592624664307,4.03384146920871e-05,259.6819152832031,712.5685424804688,0.00045540748396888375,264.0119323730469,715.9171752929688,8.041815453907475e-05,265.9015197753906,715.3633422851562,1.0507984370633494e-05,267.8548278808594,708.69384765625,1.0365892194386106e-05
451,4.690876007080078,3.284656047821045,4.3170584831386805e-06,270.8470458984375,716.1859741210938,1.1742613423848525e-06,137.3633270263672,0.16862964630126953,5.045613306720043e-06,156.3276824951172,3.912094831466675,9.177064384857658e-06,259.6819152832031,712.5685424804688,4.0851351513992995e-05,4.650786399841309,2.1203577518463135,2.5485209334874526e-05,-1.5397162437438965,4.022190093994141,7.255474884004798e-06,80.68489074707031,708.69384765625,4.381731287139701e-06
452,4.703523635864258,3.2047762870788574,3.4440884064679267e-06,270.8470458984375,716.6235961914062,6.829998255852843e-06,137.3633270263672,0.7424414157867432,7.990773156052455e-06,156.6065216064453,4.146363258361816,2.4588620362919755e-05,259.6819152832031,712.5685424804688,0.0022610484156757593,264.0119323730469,715.6754150390625,9.290526941185817e-05,2.624965190887451,715.3633422851562,1.9347255147295073e-05,80.68489074707031,708.69384765625,7.74259115132736e-06
453,4.690876007080078,3.2047762870788574,3.353658257765346e-06,270.3997497558594,716.1859741210938,1.146296426668414e-06,0.5746054649353027,0.8866472244262695,4.671552233048715e-06,156.64031982421875,4.07028865814209,2.04637926799478e-05,260.9437561035156,713.2115478515625,5.9392728871898726e-05,4.895533084869385,2.3021926879882812,2.2202206309884787e-05,-1.7971577644348145,4.022190093994141,7.517042377003236e-06,3.030569553375244,-0.7449769973754883,5.3821527217223775e-06
454,4.58821439743042,3.2047762870788574,3.6583608107321197e-06,270.3997497558594,716.1859741210938,1.492721025897481e-06,0.5746054649353027,0.8901820182800293,4.03265130444197e-06,156.64031982421875,4.146363258361816,7.461291261279257e-06,260.9437561035156,713.2115478515625,7.671635103179142e-05,4.895533084869385,2.3021926879882812,2.2412663383875042e-05,2.020904064178467,716.1268920898438,4.986502517567715e-06,3.030569553375244,-0.7449769973754883,3.3170535971294157e-06
455,4.58821439743042,3.2047762870788574,3.4194474665127927e-06,270.3997497558594,715.506103515625,1.3279095583129674e-06,0.5746054649353027,0.8901820182800293,4.80750759379589e-06,156.6065216064453,4.146363258361816,1.9389128283364698e-05,260.9437561035156,712.2399291992188,8.155019168043509e-05,4.895533084869385,2.3021926879882812,1.5788100427016616e-05,2.020904064178467,716.2479858398438,6.229750852071447e-06,3.030569553375244,-0.7449769973754883,4.319068011682248e-06
456,4.703523635864258,3.3572874069213867,3.0342112040671054e-06,270.3997497558594,715.506103515625,9.467030963605794e-07,0.5746054649353027,1.2800297737121582,3.2225257200479973e-06,156.4893341064453,4.146363258361816,1.0149998161068652e-05,259.9638671875,712.9115600585938,1.475131375627825e-05,259.3410949707031,715.6754150390625,2.039593346125912e-05,2.020904064178467,716.2479858398438,6.519159342133207e-06,2.8505377769470215,-0.7449769973754883,3.312334229121916e-06
457,4.882369041442871,3.3572874069213867,8.174098184099421e-06,271.3079528808594,1.5359323024749756,1.3592544746643398e-05,0.4544696807861328,1.2800297737121582,1.3504914932127576e-05,156.41062927246094,4.07028865814209,1.9016491933143698e-05,259.9638671875,712.9115600585938,0.008156750351190567,4.895533084869385,2.3021926879882812,0.0003330119652673602,-1.7971577644348145,3.836756944656372,1.3199201021052431e-05,2.8505377769470215,-0.7449769973754883,7.782938155287411e-06
458,268.0538330078125,716.347412109375,5.782233074569376e-06,271.74456787109375,715.506103515625,4.338442067819415e-06,247.663330078125,714.44140625,1.1670755156956147e-05,156.41062927246094,4.167906284332275,1.0705121894716285e-05,259.7748718261719,712.2399291992188,0.0010547507554292679,259.3410949707031,716.2884521484375,4.26377919211518e-05,2.020904064178467,715.1807250976562,1.0408300113340374e-05,3.125821113586426,-0.7027301788330078,5.28529108123621e-06
459,268.0538330078125,716.347412109375,3.002960056619486e-06,271.74456787109375,716.0097045898438,7.827038643881679e-07,247.663330078125,714.44140625,3.2831837870617164e-06,156.41062927246094,4.3135151863098145,1.0241582458547782e-05,259.7748718261719,712.9115600585938,4.415541116031818e-05,260.19384765625,716.7130737304688,1.800076279323548e-05,263.7335510253906,715.1807250976562,5.78744175072643e-06,3.125821113586426,-0.7027301788330078,3.501749233691953e-06
460,4.882369041442871,3.5849947929382324,7.644685865670908e-06,271.74456787109375,716.0097045898438,1.2031841833959334e-05,0.5523154735565186,1.4654929637908936,3.6259921216696966e-06,156.37319946289062,3.9968371391296387,1.0535307410464156e-05,259.7748718261719,712.9115600585938,0.01059455331414938,260.19384765625,716.7130737304688,0.00015197345055639744,155.59471130371094,3.99935245513916,2.041461266344413e-05,2.6644301414489746,-0.7027301788330078,1.0250258128507994e-05
461,4.13269567489624,3.265598773956299,3.7474810596904717e-06,271.4569091796875,716.0097045898438,2.4112407572829397e-06,0.400604248046875,1.1875977516174316,4.2998794924642425e-06,156.84564208984375,4.446730613708496,8.612373676442076e-06,260.15325927734375,713.2598266601562,0.00044192076893523335,263.0517578125,716.0631103515625,7.197252853075042e-05,155.59471130371094,712.9119262695312,1.2361069821054116e-05,3.125821113586426,-0.5805306434631348,4.109243946004426e-06
462,4.13269567489624,3.5849947929382324,3.9179885789053515e-06,270.75225830078125,716.2516479492188,1.4444456155615626e-06,0.5523154735565186,1.1875977516174316,5.303998477756977e-06,156.84564208984375,4.646580696105957,1.845424048951827e-05,259.7748718261719,712.1058959960938,0.0001337963476544246,264.1397705078125,716.0631103515625,2.4448005206068046e-05,263.7335510253906,715.1807250976562,7.0703304118069354e-06,76.21981811523438,1.2409794330596924,5.248844445304712e-06
463,4.13269567489624,2.9786901473999023,4.0626364352647215e-06,270.4317932128906,716.6555786132812,3.072704657824943e-06,0.5523154735565186,1.086977481842041,4.933854143018834e-06,156.6539764404297,4.633016586303711,9.895171388052404e-06,260.5987854003906,712.1058959960938,0.00029938394436612725,265.3127136230469,716.0631103515625,2.388753455306869e-05,266.45733642578125,715.1134643554688,8.456515388388652e-06,76.21981811523438,1.2409794330596924,1.2688808965322096e-05
464,4.362691879272461,3.233642816543579,4.1959492591558956e-06,269.4737854003906,716.6555786132812,5.06182232129504e-06,136.4571075439453,0.510962963104248,4.267617896402953e-06,156.4928436279297,4.646580696105957,1.830825385695789e-05,260.5987854003906,712.0945434570312,0.00046142394421622157,265.3127136230469,715.6043090820312,8.29979035188444e-05,169.7400360107422,712.9119262695312,1.1032398106181063e-05,155.11880493164062,1.8455045223236084,3.2444074804516276e-06
465,5.06783390045166,3.233642816543579,3.8395160117943306e-06,269.4737854003906,716.6555786132812,3.277786845501396e-06,137.30577087402344,0.1753380298614502,5.181424057809636e-06,156.4928436279297,4.646580696105957,2.313062759640161e-05,260.5987854003906,712.1058959960938,0.0006619942141696811,265.3127136230469,715.6043090820312,7.114677282515913e-05,169.7400360107422,712.9119262695312,1.3202171430748422e-05,155.30307006835938,1.8455045223236084,1.0370816198701505e-05
466,5.06783390045166,3.233642816543579,3.674778099593823e-06,268.702392578125,716.6555786132812,9.319574587607349e-07,137.9527587890625,0.1753380298614502,1.0089160241477657e-05,156.4928436279297,4.633016586303711,2.8727490644087084e-05,260.5987854003906,712.0945434570312,1.7569000192452222e-05,265.3127136230469,715.0842895507812,1.760521081450861e-05,267.2505798339844,715.1134643554688,9.27917608350981e-06,155.6492919921875,1.8455045223236084,4.582992914947681e-06
467,5.06783390045166,3.233642816543579,4.234342668496538e-06,268.702392578125,716.8533935546875,1.0156021517104818e-06,152.03823852539062,0.510962963104248,1.0065288734040223e-05,156.521484375,4.633016586303711,3.162303255521692e-05,261.7254943847656,712.0945434570312,2.7392818083171733e-05,265.6922302246094,715.0842895507812,1.7550728443893604e-05,265.7677001953125,714.3831787109375,6.924361059645889e-06,267.1771240234375,708.2252197265625,6.013332949805772e-06
468,5.06783390045166,3.521477460861206,3.230483116567484e-06,138.09837341308594,3.361398220062256,2.5835206542978995e-06,137.9527587890625,1.5618956089019775,1.1936912414967082e-05,156.521484375,4.432338714599609,1.84023410838563e-05,261.7254943847656,711.052734375,0.00045787249109707773,5.272936820983887,2.408371925354004,0.001232825219631195,169.7400360107422,3.8043758869171143,3.2854091841727495e-05,155.6492919921875,1.8455045223236084,4.517106845014496e-06
469,4.90394401550293,3.521477460861206,4.1538255572959315e-06,268.702392578125,716.8048706054688,7.0828427851665765e-06,266.0570068359375,709.973876953125,4.295161943446146e-06,156.6827850341797,4.432338714599609,8.912396879168227e-06,261.7254943847656,713.0241088867188,0.0009065121412277222,264.28515625,715.0842895507812,6.542981282109395e-05,265.7677001953125,714.3831787109375,1.6308005797327496e-05,267.1771240234375,708.9552612304688,7.828756679373328e-06
470,4.90394401550293,3.521477460861206,3.998335614596726e-06,270.94952392578125,716.8533935546875,2.3050633899401873e-06,266.0570068359375,713.0492553710938,6.25823849986773e-06,156.6827850341797,4.372962951660156,1.268084906769218e-05,262.2174377441406,711.052734375,3.054458284168504e-05,265.2906799316406,715.9637451171875,2.1420748453238048e-05,266.1088562011719,714.5023193359375,9.196382961818017e-06,267.5339660644531,713.931640625,6.9284960773075e-06
471,4.90394401550293,3.588315963745117,3.123516307823593e-06,270.94952392578125,716.8048706054688,2.2013850866642315e-06,247.2258758544922,709.973876953125,5.690233138011536e-06,156.6827850341797,4.372962951660156,4.492216248763725e-06,260.6555480957031,712.716064453125,0.0005651547689922154,264.4149169921875,716.4185180664062,4.6605946408817545e-05,266.1088562011719,714.5023193359375,6.80482435200247e-06,267.5339660644531,713.931640625,4.805458502232796e-06
472,4.649971008300781,3.521477460861206,4.762249773193616e-06,271.12652587890625,716.8048706054688,3.6319863738754066e-06,137.4593505859375,1.5618956089019775,4.7649209591327235e-06,156.56396484375,4.011946678161621,7.924514648038894e-06,260.54071044921875,712.716064453125,0.0013465629890561104,264.28515625,716.4185180664062,3.3351501770084724e-05,266.1088562011719,714.5023193359375,1.0831701729330234e-05,267.5339660644531,708.9552612304688,5.454810889204964e-06
473,4.649971008300781,3.4316768646240234,3.396243073439109e-06,271.59600830078125,716.9486083984375,2.120335011568386e-06,137.4593505859375,0.9884109497070312,3.619596782300505e-06,156.36766052246094,4.011007308959961,8.996245014714077e-06,260.54071044921875,713.0241088867188,0.0006014004466123879,264.4149169921875,716.6884155273438,6.689630390610546e-05,266.1088562011719,714.8386840820312,1.3859465980203822e-05,267.5339660644531,708.9552612304688,5.486165719048586e-06
474,4.215156078338623,3.4316768646240234,3.390353413124103e-06,271.12652587890625,716.9486083984375,1.4109433550402173e-06,0.7508485317230225,0.891747236251831,3.98815973312594e-06,156.36766052246094,4.011007308959961,8.9230015873909e-06,259.6848449707031,712.716064453125,0.0004225058655720204,264.4149169921875,716.6884155273438,3.364950680406764e-05,261.5807800292969,714.5023193359375,5.582846370089101e-06,2.994574546813965,-0.34357261657714844,3.4467727800802095e-06
475,3.928197145462036,3.2761714458465576,4.50425341114169e-06,271.0422668457031,716.5074462890625,1.9739022718567867e-06,0.6145076751708984,0.891747236251831,5.4905044635233935e-06,156.36766052246094,4.011946678161621,7.657075002498459e-06,259.6848449707031,712.716064453125,0.0002382891543675214,264.4149169921875,716.6884155273438,5.287578096613288e-05,261.5807800292969,714.6715087890625,1.374064049741719e-05,2.994574546813965,-0.34357261657714844,4.982082373317098e-06
476,3.928197145462036,2.844381093978882,4.774787612404907e-06,271.0422668457031,716.3914794921875,2.151007720385678e-06,0.6145076751708984,0.13863086700439453,5.610344487649854e-06,156.42979431152344,4.160805702209473,1.0639688298397232e-05,259.6848449707031,713.0816650390625,4.5143242459744215e-05,263.5556945800781,716.46484375,2.4328899598913267e-05,-1.4750285148620605,4.329342842102051,1.0137036042578984e-05,2.8657851219177246,-0.6951570510864258,5.989483724988531e-06
477,3.928197145462036,2.844381093978882,3.250886720707058e-06,271.0422668457031,709.5897827148438,3.8080199828982586e-06,0.6145076751708984,0.13863086700439453,4.18012086811359e-06,156.48019409179688,4.160805702209473,8.575148967793211e-06,261.0114440917969,712.4610595703125,0.00033187036751769483,5.147150039672852,2.5285158157348633,4.489497223403305e-05,155.78053283691406,4.47197961807251,1.568289371789433e-05,2.8657851219177246,-0.34357261657714844,4.785514192917617e-06
478,4.910736083984375,2.844381093978882,4.511634870141279e-06,271.0422668457031,709.5897827148438,1.1859705182359903e-06,137.9176025390625,0.13863086700439453,5.196729944145773e-06,156.5177764892578,4.188570499420166,7.510106570407515e-06,261.62744140625,712.236083984375,0.00010141462553292513,5.147150039672852,2.5285158157348633,2.0401943402248435e-05,155.777099609375,4.329342842102051,6.369953553075902e-06,155.15635681152344,1.7414374351501465,3.753307282750029e-06
479,4.960906982421875,3.294045925140381,2.0646286884584697e-06,271.2166442871094,710.17431640625,1.3495480288838735e-06,137.9176025390625,0.18187618255615234,4.54039854957955e-06,156.5177764892578,4.188570499420166,1.7872780517791398e-05,261.62744140625,712.4610595703125,8.680496830493212e-05,266.02801513671875,716.46484375,1.1352971341693774e-05,155.78053283691406,4.329342842102051,5.085962584416848e-06,155.3726806640625,1.7414374351501465,3.509184352878947e-06
480,4.960906982421875,3.5276713371276855,3.0239104944485007e-06,271.2166442871094,710.17431640625,1.4552998663930339e-06,137.9176025390625,0.18187618255615234,6.1295609157241415e-06,156.5177764892578,4.160805702209473,2.7184185455553234e-05,261.0114440917969,712.4992065429688,0.00015639711637049913,264.80908203125,716.9445190429688,1.4543256838805974e-05,155.78053283691406,4.329342842102051,5.585216513281921e-06,155.15635681152344,1.7384226322174072,3.1566485176881542e-06
481,4.910736083984375,3.5276713371276855,2.5288268261647318e-06,285.1069030761719,710.17431640625,1.7510973293610732e-06,137.13746643066406,0.2169170379638672,7.646660378668457e-06,156.48019409179688,3.9904067516326904,4.8048223106889054e-05,260.279541015625,712.236083984375,0.0006084382766857743,264.80908203125,716.9445190429688,4.172562330495566e-05,155.78053283691406,4.108664035797119,8.467781299259514e-06,155.15635681152344,1.7384226322174072,4.823833478440065e-06
482,4.824549674987793,3.294045925140381,3.221914084861055e-06,286.31243896484375,710.17431640625,1.8108419226336991e-06,137.13746643066406,0.2169170379638672,4.457661361811915e-06,156.61851501464844,4.188570499420166,1.3393099834502209e-05,260.1585388183594,711.4009399414062,0.00011328113760100678,264.80908203125,716.9445190429688,2.5633918994572014e-05,169.6201934814453,3.8230602741241455,9.937395589076914e-06,155.3726806640625,1.7384226322174072,3.956441105401609e-06
483,4.824549674987793,4.0898613929748535,2.7596113341132877e-06,271.2166442871094,715.5074462890625,7.819062943781319e-07,137.13746643066406,1.0556581020355225,3.068669457206852e-06,156.43008422851562,4.194459915161133,6.346251211652998e-06,260.1585388183594,712.1815795898438,1.4177971024764702e-05,264.80908203125,715.667724609375,1.2874289495812263e-05,170.43003845214844,3.8230602741241455,4.9960276555793826e-06,3.239828586578369,-0.8145561218261719,3.0666712973470567e-06
484,4.824549674987793,3.3092339038848877,2.2155786609801e-06,270.9036560058594,716.0991821289062,8.736681138543645e-07,152.67037963867188,1.0655829906463623,4.800575879926328e-06,156.61851501464844,4.194459915161133,1.8756270947051235e-05,260.1585388183594,712.1815795898438,1.0271571227349341e-05,5.069034099578857,1.8057098388671875,1.0652998753357679e-05,265.9263610839844,715.4224243164062,5.844525730935857e-06,3.239828586578369,-0.8145561218261719,4.168290161032928e-06
485,4.824549674987793,3.3092339038848877,3.778551445066114e-06,270.9036560058594,1.8042488098144531,2.9989621452841675e-06,152.67037963867188,1.0655829906463623,3.835866664303467e-06,156.43008422851562,4.194459915161133,1.2120981409680098e-05,260.2240295410156,712.1815795898438,0.0005953653599135578,4.895409107208252,1.8057098388671875,8.363182132598013e-05,170.43003845214844,3.8230602741241455,1.1001918210240547e-05,3.239828586578369,-0.5153045654296875,3.1473239232582273e-06
486,5.727872848510742,3.835052490234375,2.3598252028023126e-06,270.5461120605469,715.5967407226562,9.409569656781969e-07,248.47483825683594,711.3497314453125,2.7998307814414147e-06,156.61851501464844,4.46250057220459,6.789286999264732e-06,260.2240295410156,712.1815795898438,3.3115993574028835e-05,5.069034099578857,2.5572350025177,1.1387355698389001e-05,266.711181640625,715.8363647460938,5.4492375056724995e-06,155.7754364013672,1.9010441303253174,2.5055319383682217e-06
487,5.727872848510742,3.835052490234375,5.657151177729247e-06,270.5461120605469,716.0991821289062,2.264006980112754e-06,248.47483825683594,711.3497314453125,8.22767924546497e-06,156.54002380371094,4.194459915161133,2.3277585569303483e-05,260.2240295410156,712.5182495117188,0.0003886686754412949,263.9134826660156,715.6558227539062,3.288026346126571e-05,266.711181640625,715.8363647460938,1.0102110536536202e-05,2.897150993347168,-0.5153045654296875,7.710214049438946e-06
488,5.727872848510742,3.835052490234375,1.0048178410215769e-05,270.9036560058594,715.5967407226562,1.6405154383392073e-05,152.9547119140625,0.743196964263916,6.43937528366223e-06,156.73837280273438,4.231909275054932,1.4911223843228072e-05,260.2240295410156,712.7810668945312,0.0015591728733852506,263.9134826660156,715.6558227539062,0.00021724966063629836,266.2494201660156,714.79833984375,1.1587212611630093e-05,156.0634765625,2.271169662475586,5.259616955299862e-06
489,4.339939594268799,3.835052490234375,2.564613623690093e-06,271.0804138183594,709.6605224609375,1.1861559414683143e-06,137.5237274169922,0.4480268955230713,6.2435260588245e-06,156.54002380371094,3.956110954284668,1.4373564226843882e-05,260.2240295410156,712.5182495117188,0.0003992793208453804,264.5198059082031,716.08740234375,2.561810651968699e-05,266.2494201660156,714.79833984375,6.061900421627797e-06,2.9562902450561523,-0.5153045654296875,3.273344873377937e-06
490,4.892747402191162,2.993231773376465,2.7845117074321024e-06,271.22705078125,715.5967407226562,2.2190254185261438e-06,152.9547119140625,0.4480268955230713,9.62758895184379e-06,156.54002380371094,4.231909275054932,4.2350919102318585e-05,260.18548583984375,712.7810668945312,0.0008311309502460063,264.5198059082031,716.9518432617188,2.462793236190919e-05,266.2494201660156,715.6722412109375,8.38219693832798e-06,156.0634765625,2.271169662475586,4.880705091636628e-06
491,4.445428371429443,2.9893813133239746,2.9693308079004055e-06,288.3234558105469,714.15576171875,1.2651659062612453e-06,152.9547119140625,0.4480268955230713,4.74808302897145e-06,156.4722442626953,4.040006160736084,6.357385245792102e-06,260.5194091796875,712.7810668945312,7.757219282211736e-05,264.4983215332031,716.9518432617188,5.312743815011345e-05,266.11773681640625,714.79833984375,9.845977729128208e-06,2.9562902450561523,-0.9212026596069336,2.5765082227735547e-06
492,4.892747402191162,2.993231773376465,2.519871259210049e-06,288.3234558105469,714.15576171875,1.7613674572203308e-06,152.9547119140625,0.4480268955230713,5.3989065236237366e-06,156.4722442626953,4.231909275054932,7.272343736985931e-06,260.8825378417969,712.913330078125,0.0008151752408593893,264.4983215332031,716.9518432617188,7.656536035938188e-05,266.0911865234375,714.5540771484375,9.296687494497746e-06,156.0634765625,2.271169662475586,3.305042127976776e-06
493,4.445428371429443,2.993231773376465,4.4648304537986405e-06,271.22705078125,714.15576171875,4.167133738519624e-06,153.19940185546875,0.3581869602203369,9.60180568654323e-06,156.4722442626953,4.251039028167725,1.5150472790992353e-05,260.8825378417969,712.913330078125,0.00011387161066522822,264.2294921875,716.9518432617188,2.0634537577279843e-05,266.0911865234375,714.5540771484375,7.170857770688599e-06,155.85580444335938,2.0563580989837646,3.86443662137026e-06
494,4.892747402191162,3.3980844020843506,4.3689792619261425e-06,271.22705078125,715.9889526367188,7.111295872164192e-06,248.95785522460938,709.981201171875,7.766833732603118e-06,156.4722442626953,4.251039028167725,2.7009735276806168e-05,258.87493896484375,713.13330078125,0.000923291954677552,260.40191650390625,716.7380981445312,7.545788685092703e-05,265.65618896484375,714.5540771484375,2.01298862521071e-05,267.4886779785156,708.8604125976562,1.3497035070031416e-05
495,4.798705101013184,3.3980844020843506,3.0982960197434295e-06,271.0845947265625,715.9889526367188,1.0986503866661224e-06,248.93675231933594,709.981201171875,9.293735274695791e-06,156.29371643066406,4.115966320037842,4.1201903513865545e-05,258.4057312011719,713.13330078125,0.00012691116717178375,260.40191650390625,716.7380981445312,4.8561705625616014e-05,260.9361267089844,714.5540771484375,8.892513505998068e-06,155.85580444335938,2.0563580989837646,4.173393335804576e-06
496,268.08447265625,713.790771484375,4.06293838750571e-06,271.0845947265625,715.9889526367188,6.75385899739922e-06,247.98150634765625,710.9321899414062,6.033794306858908e-06,156.5734405517578,4.381812572479248,8.455233910353854e-06,258.4057312011719,713.13330078125,0.0049654715694487095,264.2294921875,716.7380981445312,0.00021899663261137903,260.9361267089844,714.5540771484375,1.4459918929787818e-05,155.85580444335938,714.5369262695312,5.926346602791455e-06
497,4.798705101013184,3.3980844020843506,2.9836287467333023e-06,253.3096466064453,715.9889526367188,1.8793947447193204e-06,248.93675231933594,713.2139282226562,4.1381445043953136e-06,156.62808227539062,4.451639652252197,6.360574388963869e-06,258.24139404296875,711.8746948242188,0.00014398583152797073,262.598388671875,716.4281616210938,2.224440140707884e-05,254.0495147705078,715.1427001953125,6.781127012800425e-06,75.6865463256836,2.0563580989837646,3.2414382076240145e-06
498,4.88114595413208,3.357285261154175,2.1512132661882788e-05,270.5898742675781,716.9375610351562,1.0413512427476235e-05,248.93675231933594,713.2139282226562,8.024710950849112e-06,156.60716247558594,4.115966320037842,1.2992140909773298e-05,258.4057312011719,711.8746948242188,0.0031308820471167564,266.18988037109375,715.909423828125,0.00011813439050456509,254.0495147705078,715.1427001953125,0.00013744556054007262,3.1497037410736084,-0.3722720146179199,0.00024792426847852767
499,4.798705101013184,2.6450090408325195,3.2996595109580085e-06,270.5898742675781,716.9375610351562,3.3690967029542662e-06,247.98150634765625,713.2139282226562,5.040112228016369e-06,156.60716247558594,4.436405658721924,1.0191531146119814e-05,260.11669921875,711.8746948242188,0.0005758131737820804,266.18988037109375,716.4281616210938,5.449206582852639e-05,254.0495147705078,715.1427001953125,1.1050572538806591e-05,3.1497037410736084,-0.3722720146179199,4.1506896195642184e-06
500,4.88114595413208,2.6450090408325195,3.6162396099825855e-06,271.2608642578125,716.11962890625,1.367086156278674e-06,152.3317108154297,1.0466957092285156,4.289263870305149e-06,156.60716247558594,4.436405658721924,1.457708185625961e-05,260.27301025390625,712.0426025390625,0.00016352425154764205,265.1021728515625,715.3712158203125,2.293684519827366e-05,73.90106964111328,712.1392822265625,4.69999531560461e-06,3.1497037410736084,-0.3722720146179199,3.1521994969807565e-06
501,4.681575775146484,2.6450090408325195,2.9461364192684414e-06,270.5898742675781,716.9375610351562,2.6516436264500953e-06,152.3317108154297,1.0466957092285156,6.704195584461559e-06,156.60716247558594,4.436405658721924,2.2276455638348125e-05,260.27301025390625,712.0426025390625,0.00013144037802703679,265.1021728515625,715.4373168945312,1.9538849301170558e-05,254.0495147705078,714.311279296875,6.803007636335678e-06,3.1497037410736084,-0.3722720146179199,3.315684125482221e-06
502,4.88114595413208,3.204014301300049,6.571705398528138e-06,271.2608642578125,716.3109130859375,2.2182023258210393e-06,137.5145721435547,0.6570334434509277,5.694234459951986e-06,156.60716247558594,4.391053199768066,1.4941643712518271e-05,260.3394470214844,712.4898681640625,9.752271580509841e-05,265.1021728515625,715.4373168945312,1.643489122216124e-05,266.0350036621094,714.311279296875,5.184548172110226e-06,155.17042541503906,1.9190771579742432,5.2886844059685245e-06
503,5.369579315185547,3.681729316711426,4.990060915588401e-06,271.2608642578125,716.11962890625,4.93348261443316e-06,137.5145721435547,1.0466957092285156,6.429140739783179e-06,156.57449340820312,4.391053199768066,1.6648928067297675e-05,260.3394470214844,712.4898681640625,0.0009456934058107436,265.1021728515625,715.9393920898438,6.186544487718493e-05,266.31103515625,714.9472045898438,1.314720338996267e-05,268.08441162109375,708.671630859375,7.076907422742806e-06
504,5.369579315185547,3.681729316711426,2.6094760414707707e-06,272.10565185546875,715.7760620117188,2.030097448368906e-06,264.9564514160156,709.9892578125,3.277383711974835e-06,156.50051879882812,4.343735694885254,8.25990537123289e-06,260.3394470214844,712.0386962890625,0.00048507971223443747,264.08624267578125,715.9393920898438,1.8033253581961617e-05,266.0350036621094,714.9472045898438,5.1710280786210205e-06,268.08441162109375,708.671630859375,3.1430199669557624e-06
505,4.52482795715332,3.204014301300049,3.427704768910189e-06,270.4349670410156,715.7760620117188,5.610098014585674e-06,264.9564514160156,709.9892578125,4.854449343838496e-06,156.65017700195312,4.343735694885254,1.0103024578711484e-05,260.3394470214844,712.0386962890625,0.0012094710255041718,264.08624267578125,715.9393920898438,8.19677734398283e-05,266.0350036621094,714.9472045898438,1.431111195415724e-05,268.08441162109375,708.671630859375,4.554714905680157e-06
506,5.369579315185547,3.681729316711426,3.2070033739728387e-06,270.9065856933594,715.7760620117188,1.1601514415815473e-06,152.41676330566406,0.6570334434509277,3.964187271776609e-06,156.50051879882812,4.243740558624268,1.355659514956642e-05,260.3394470214844,712.2167358398438,0.00013433404092211276,264.08624267578125,715.9393920898438,2.4492343072779477e-05,265.6064758300781,714.9472045898438,8.522799362253863e-06,267.9817810058594,708.1994018554688,3.183786020599655e-06
507,268.549560546875,714.6484985351562,3.351356326675159e-06,270.9065856933594,715.7760620117188,1.4161549870550516e-06,248.25437927246094,709.9892578125,3.885348633048125e-06,156.50051879882812,4.243740558624268,1.618802889424842e-05,261.1953125,712.0386962890625,5.910953404963948e-05,264.7819519042969,716.1279907226562,2.0890074665658176e-05,265.6064758300781,714.2672729492188,7.550097961939173e-06,267.9817810058594,708.1004638671875,3.7720280943176476e-06
508,286.3985595703125,714.6484985351562,5.427118139778031e-06,271.083984375,716.60302734375,6.788425707782153e-06,247.94639587402344,709.9892578125,4.451187578524696e-06,156.50051879882812,4.243740558624268,1.8851455024559982e-05,261.1953125,712.2167358398438,0.0019085919484496117,264.7819519042969,716.1279907226562,4.567644282360561e-05,265.6064758300781,714.2672729492188,1.5511792298639193e-05,267.71954345703125,708.1004638671875,1.6652960766805336e-05
509,286.3985595703125,714.6484985351562,1.27892544696806e-05,270.9065856933594,716.60302734375,8.264474672614597e-06,152.41676330566406,-0.12969446182250977,1.6174664779100567e-05,156.37977600097656,4.108059883117676,1.559635711601004e-05,261.1953125,712.2167358398438,0.0021937149576842785,264.7819519042969,715.5554809570312,4.0877308492781594e-05,265.6064758300781,714.2672729492188,2.064384716504719e-05,267.71954345703125,708.1004638671875,9.482261702942196e-06
510,286.3985595703125,714.6484985351562,3.954271960537881e-06,270.9065856933594,716.9219360351562,3.6047495086677372e-06,137.6494140625,0.8098981380462646,3.950630798499333e-06,156.37977600097656,4.108059883117676,1.215996417158749e-05,260.4577941894531,712.2167358398438,0.0007963894749991596,265.1258544921875,716.1279907226562,7.103267125785351e-05,265.6064758300781,714.2672729492188,1.1686893230944406e-05,267.71954345703125,708.1004638671875,4.612805241777096e-06
511,4.312424182891846,3.3839473724365234,4.895473011856666e-06,271.083984375,716.60302734375,1.4184203109834925e-06,247.94639587402344,713.4386596679688,4.862530204263749e-06,156.55853271484375,4.059508800506592,1.8107630239683203e-05,260.16180419921875,712.2127075195312,9.614274313207716e-05,265.1258544921875,716.3055419921875,2.0815121388295665e-05,261.6191101074219,715.3123779296875,6.15230101175257e-06,267.4418029785156,708.1004638671875,4.132891262997873e-06
512,4.312424182891846,3.3839473724365234,3.8431608118116856e-06,270.4729919433594,716.60302734375,1.98269412976515e-06,247.94639587402344,713.4813842773438,5.339290964911925e-06,156.55853271484375,4.059508800506592,9.394125299877487e-06,260.16180419921875,712.4552612304688,0.0009056035196408629,265.1258544921875,716.5801391601562,7.003740756772459e-05,261.6191101074219,715.3123779296875,8.78067748999456e-06,267.4418029785156,708.5438232421875,4.265473307896173e-06
513,4.312424182891846,3.3839473724365234,4.455685029824963e-06,270.4729919433594,715.5343627929688,5.124644758325303e-06,248.65643310546875,713.7832641601562,7.709816600254271e-06,156.55853271484375,4.071908950805664,2.0958597815479152e-05,260.4577941894531,712.2127075195312,0.0007700098212808371,265.7298278808594,716.5801391601562,0.0006308777374215424,3.0290021896362305,715.1571655273438,4.065450775669888e-05,267.4418029785156,708.5438232421875,7.418314908136381e-06
514,4.312424182891846,3.950958013534546,1.4319930414785631e-05,270.4729919433594,717.2166748046875,2.0645915355999023e-05,264.15234375,713.9860229492188,1.3260049854579847e-05,156.72775268554688,4.071908950805664,2.6039248041342944e-05,262.0076904296875,711.052001953125,0.00362422619946301,267.36627197265625,716.9765014648438,0.0006116072181612253,261.6191101074219,715.1571655273438,2.9269107471918687e-05,267.4418029785156,708.5438232421875,2.2519981939694844e-05
515,5.294558525085449,3.950958013534546,3.178864972142037e-06,270.0218200683594,717.1463623046875,2.5080971681745723e-06,264.15234375,713.9860229492188,4.423865902936086e-06,156.55853271484375,4.305388450622559,1.1730565347534139e-05,262.4052429199219,711.052001953125,0.00026137588429264724,267.5342102050781,716.5801391601562,3.586153616197407e-05,261.6191101074219,715.1571655273438,5.713184691558126e-06,267.4418029785156,708.5438232421875,3.0517016966769006e-06
516,5.294558525085449,3.950958013534546,4.009860276710242e-06,270.0218200683594,717.1463623046875,3.182465206919005e-06,264.15234375,713.7832641601562,7.458181698893895e-06,156.72775268554688,4.305388450622559,2.4031529392232187e-05,262.4052429199219,711.052001953125,0.001026795944198966,267.5342102050781,715.8114624023438,0.00021047786867711693,169.76565551757812,429.0315856933594,1.8896886103902943e-05,155.946533203125,1.8221571445465088,4.144258127780631e-06
517,5.294558525085449,3.2889249324798584,2.6973618787451414e-06,288.0071716308594,715.5343627929688,1.3343152431843919e-06,264.15234375,709.4580078125,8.66010941535933e-06,156.5821990966797,4.071908950805664,3.921421739505604e-05,262.4052429199219,711.052001953125,0.00022010608518030494,267.5342102050781,715.8114624023438,2.795620821416378e-05,2.7394959926605225,429.0315856933594,6.470258540502982e-06,155.946533203125,1.8221571445465088,5.879544460185571e-06
518,5.294558525085449,3.2889249324798584,2.184124696213985e-06,288.4347229003906,714.8259887695312,8.001418905223545e-07,152.39846801757812,1.0809807777404785,2.328587470401544e-06,156.5821990966797,3.8645341396331787,9.67399410001235e-06,262.4052429199219,711.2514038085938,9.809492439671885e-06,267.5342102050781,715.9332275390625,1.1987335710728075e-05,2.7394959926605225,4.320470809936523,3.821134214376798e-06,155.946533203125,1.8221571445465088,1.962491978702019e-06
519,5.294558525085449,3.2889249324798584,4.318573701311834e-06,292.1983947753906,714.8259887695312,1.448687726224307e-06,152.39846801757812,1.0809807777404785,4.577716026687995e-06,156.5821990966797,3.8645341396331787,5.929247436142759e-06,260.7085876464844,711.9219970703125,0.0002563214802648872,266.7075500488281,715.9332275390625,2.5469464162597433e-05,2.7394959926605225,4.320470809936523,4.567224550555693e-06,267.14306640625,703.6030883789062,4.489932962314924e-06
520,4.570879936218262,3.2889249324798584,4.075399374414701e-06,292.1983947753906,714.8259887695312,1.71228282397351e-06,153.0585479736328,1.0809807777404785,3.4438255624991143e-06,156.89443969726562,3.8645341396331787,1.3814245903631672e-05,259.83990478515625,711.9219970703125,0.00020100972324144095,266.7075500488281,716.0952758789062,2.7993586627417244e-05,2.7394959926605225,715.6917724609375,5.344160399545217e-06,267.14306640625,703.6030883789062,3.3045816962840036e-06
521,4.570879936218262,3.464668035507202,3.0561693620256847e-06,288.4347229003906,714.8259887695312,4.177474693278782e-06,153.0585479736328,1.0809807777404785,1.3366508937906474e-05,156.63955688476562,3.998361349105835,8.123430234263651e-06,260.7085876464844,712.18212890625,0.0009277212084271014,266.7075500488281,716.0952758789062,0.00018289999570697546,2.7394959926605225,715.6917724609375,2.7621561457635835e-05,267.14306640625,703.6030883789062,5.62266450288007e-06
522,4.570879936218262,3.464668035507202,4.486303623707499e-06,271.0564880371094,714.996337890625,5.218298610998318e-06,1.1024880409240723,1.0809807777404785,8.586564945289865e-06,156.9274444580078,4.100710391998291,3.988631215179339e-05,260.3727722167969,712.18212890625,0.0005891958717256784,265.6404113769531,716.1397094726562,0.00035556944203563035,75.65515899658203,713.7819213867188,1.933814382937271e-05,155.9779510498047,1.890193223953247,5.0043390729115345e-06
523,4.151968955993652,3.464668035507202,5.037555638409685e-06,268.79071044921875,714.996337890625,1.6672604488121578e-06,1.1024880409240723,1.238166332244873,7.4433733061596286e-06,156.9274444580078,4.111106872558594,2.2525435269926675e-05,260.3727722167969,712.18212890625,9.465422772336751e-05,265.6404113769531,716.1397094726562,2.148374005628284e-05,75.65515899658203,713.7819213867188,8.409436304646078e-06,3.3891608715057373,-0.9442858695983887,7.297861884580925e-06
524,4.151968955993652,3.164268970489502,3.7704955957451602e-06,252.31051635742188,716.1054077148438,2.3454681468138006e-06,1.1024880409240723,1.238166332244873,4.335104222263908e-06,156.63955688476562,4.100710391998291,1.054135736922035e-05,260.3727722167969,712.0176391601562,0.0002707513340283185,265.6404113769531,716.1397094726562,3.099969762843102e-05,75.65515899658203,713.7819213867188,6.879569355078274e-06,2.736485481262207,-0.9442858695983887,3.706867801156477e-06
525,4.457201957702637,3.164268970489502,3.3480150705145206e-06,252.31051635742188,716.1054077148438,1.0561154795141192e-06,1.1024880409240723,1.3476073741912842,4.609893949236721e-06,156.63955688476562,4.100710391998291,1.2272386811673641e-05,262.094970703125,711.8217163085938,0.00016934469749685377,265.6404113769531,716.4996948242188,3.1946114177117124e-05,75.65515899658203,713.7819213867188,5.126072210259736e-06,2.736485481262207,-0.9442858695983887,4.180368250672473e-06
526,4.7035908699035645,3.164268970489502,4.18453237216454e-06,269.0913391113281,716.1054077148438,4.428483862284338e-06,248.76499938964844,710.5479125976562,9.233397577190772e-06,156.47634887695312,4.184433937072754,1.4449304217123426e-05,260.3727722167969,711.8217163085938,0.0022959404159337282,265.6404113769531,716.4996948242188,0.0003070997481700033,75.65515899658203,714.8799438476562,2.045988912868779e-05,3.359865188598633,-0.782188892364502,4.6895852392481174e-06
527,4.571066856384277,3.1693923473358154,2.0352404135337565e-06,269.0913391113281,717.0098266601562,1.2112960803278838e-06,264.4395751953125,713.3851318359375,2.852347279258538e-06,156.47634887695312,4.34199857711792,5.649614195135655e-06,260.470947265625,711.8217163085938,0.00020777768804691732,265.1850280761719,716.5472412109375,2.941026832559146e-05,260.4137268066406,715.0438842773438,6.311624474619748e-06,3.359865188598633,-0.6983194351196289,2.8296535674599e-06
528,4.678371429443359,2.8080039024353027,3.6431183616514318e-06,269.0913391113281,717.0098266601562,1.0020810350397369e-06,264.4395751953125,713.3851318359375,5.404949206422316e-06,156.49461364746094,4.184433937072754,1.242743746843189e-05,259.9955749511719,712.5145874023438,3.4127246181014925e-05,259.1966247558594,716.5472412109375,1.6805928680696525e-05,260.4137268066406,716.1888427734375,5.1444326345517766e-06,82.85026550292969,713.2610473632812,3.313692559459014e-06
529,4.7035908699035645,3.1693923473358154,3.5430132356850663e-06,270.060546875,716.6251220703125,5.450713160826126e-06,264.4395751953125,713.3508911132812,4.388832167023793e-06,156.49461364746094,4.581913471221924,1.1987884136033244e-05,260.470947265625,712.5145874023438,0.000968777749221772,265.1850280761719,716.2249145507812,0.0002465530706103891,267.1502380371094,716.1888427734375,1.8765755157801323e-05,267.94781494140625,713.2610473632812,7.773835932312068e-06
530,4.678371429443359,3.314199924468994,2.859185997294844e-06,270.7184143066406,716.6251220703125,8.531700927960628e-07,248.05215454101562,710.5479125976562,3.6305279991211137e-06,156.39883422851562,4.184433937072754,8.768510269874241e-06,260.470947265625,712.5145874023438,9.405813761986792e-05,264.8379211425781,716.0366821289062,1.4645079318142962e-05,266.659423828125,715.1766967773438,4.337548489274923e-06,82.85026550292969,708.6762084960938,2.841010200427263e-06
531,4.571066856384277,3.3702526092529297,4.341802650742466e-06,270.7184143066406,716.6251220703125,2.0387856238812674e-06,137.72666931152344,1.065464735031128,1.1701112271111924e-05,156.49461364746094,3.9193756580352783,1.51015574374469e-05,260.470947265625,712.6089477539062,0.0016509928973391652,264.8379211425781,716.2249145507812,6.668490823358297e-05,266.659423828125,715.0438842773438,8.567864824726712e-06,82.85026550292969,708.6762084960938,3.4100883112841984e-06
532,4.678371429443359,3.3702526092529297,3.883252247760538e-06,271.99871826171875,716.0479125976562,3.1763192964717746e-06,137.72666931152344,-0.054961204528808594,4.341264229879016e-06,156.49461364746094,3.9193756580352783,8.119604899547994e-06,260.90899658203125,712.3681640625,0.0010519539937376976,259.8960266113281,716.0366821289062,2.645229506015312e-05,155.0615997314453,714.6578979492188,4.962180810252903e-06,82.85026550292969,708.04052734375,4.07935385737801e-06
533,272.75146484375,700.740966796875,3.5057021250395337e-06,272.7546691894531,716.0479125976562,1.8363491562922718e-06,137.73104858398438,1.065464735031128,3.963106337323552e-06,156.3115692138672,3.9193756580352783,1.0621511137287598e-05,261.0000305175781,712.3681640625,0.00034741073613986373,264.8379211425781,716.2249145507812,2.2040840121917427e-05,266.659423828125,714.6578979492188,5.478746061271522e-06,268.1354064941406,708.04052734375,3.3696817354211817e-06
534,287.0172119140625,714.6581420898438,5.874713224329753e-06,287.59967041015625,715.88525390625,2.9543518849095562e-06,136.91275024414062,0.3035407066345215,4.852625806961441e-06,156.6188201904297,3.9193756580352783,1.0968028618663084e-05,262.6746520996094,712.3681640625,7.977770292200148e-05,264.8379211425781,716.7922973632812,1.4410209587367717e-05,155.0615997314453,4.073204040527344,5.519073511095485e-06,3.14333438873291,-0.7495684623718262,8.581718248024117e-06
535,287.0172119140625,714.6581420898438,3.7990641885699006e-06,287.59967041015625,715.88525390625,1.3771619933322654e-06,137.52972412109375,-0.054961204528808594,4.07076140618301e-06,156.6188201904297,4.421072006225586,1.2721244274871424e-05,262.6746520996094,712.6089477539062,0.00016335966938640922,266.38262939453125,716.9364013671875,5.2569939725799486e-05,155.0615997314453,4.073204040527344,1.84401997103123e-05,268.0913391113281,708.04052734375,6.18275726083084e-06
536,287.0172119140625,714.8546142578125,1.112417612603167e-05,287.59967041015625,716.009521484375,3.0639348551630974e-06,137.52972412109375,0.28072571754455566,4.739672931464156e-06,156.37266540527344,4.549076080322266,5.498652626556577e-06,262.6746520996094,711.7381591796875,0.0005524362786673009,266.38262939453125,716.7922973632812,4.882936991634779e-05,169.62867736816406,3.705561876296997,8.68375354912132e-06,268.0913391113281,708.04052734375,4.233167601341847e-06
537,270.1138610839844,714.6581420898438,2.7862329261552077e-06,271.95654296875,716.009521484375,3.345416871525231e-06,137.52972412109375,0.28072571754455566,5.850191428180551e-06,156.37266540527344,4.481935024261475,2.4341175958397798e-05,260.202880859375,711.7381591796875,0.00042302734800614417,266.38262939453125,716.7922973632812,5.613103712676093e-05,169.9805450439453,3.705561876296997,9.885578947432805e-06,155.92449951171875,1.9363954067230225,3.6624205677071586e-06
538,267.78765869140625,714.6581420898438,5.78496928937966e-06,270.59576416015625,716.1009521484375,3.769262775676907e-06,137.52972412109375,0.28072571754455566,1.3227615454525221e-05,156.90011596679688,4.549076080322266,1.92564693861641e-05,260.202880859375,711.7381591796875,0.0002810503065120429,266.38262939453125,716.7693481445312,1.2767855878337286e-05,169.9805450439453,3.705561876296997,1.0158772056456655e-05,155.92449951171875,1.9363954067230225,3.8079874684626702e-06
539,267.78765869140625,714.8951416015625,2.814710796883446e-06,270.3111572265625,716.3023071289062,1.4875070064590545e-06,137.52972412109375,0.22698497772216797,7.737195119261742e-06,156.37266540527344,4.512460708618164,4.782226460520178e-05,260.202880859375,712.3359375,0.0003067015204578638,266.38262939453125,716.6774291992188,0.00015977003204170614,169.9805450439453,3.4248557090759277,1.3725749340665061e-05,155.97213745117188,1.9363954067230225,4.463561708689667e-06
540,267.78765869140625,714.8951416015625,2.934382109742728e-06,270.59576416015625,716.1009521484375,5.47226090930053e-06,152.3439178466797,0.28072571754455566,6.007067895552609e-06,156.22265625,4.512460708618164,1.4718684724357445e-05,260.5856018066406,712.3359375,0.001832825131714344,266.13482666015625,716.6009521484375,0.00018960601300932467,169.62867736816406,3.4248557090759277,1.360517580906162e-05,155.92449951171875,1.7227652072906494,8.313525540870614e-06
541,4.989610195159912,3.555154800415039,6.57066493658931e-06,269.7544250488281,716.1009521484375,3.896332145814085e-06,152.3439178466797,0.5558979511260986,9.096249414142221e-06,156.5308837890625,4.481935024261475,3.036805173906032e-05,260.5856018066406,713.12060546875,0.0003137797466479242,262.18768310546875,716.6009521484375,6.108639354351908e-05,155.36944580078125,3.9781994819641113,7.631668268004432e-06,155.56332397460938,1.4225654602050781,6.476704129454447e-06
542,4.993096351623535,3.555154800415039,1.6499310504514142e-06,269.7544250488281,1.5504429340362549,7.370296657427389e-07,152.49765014648438,0.5558979511260986,3.014078174601309e-06,156.489990234375,3.9177260398864746,9.940277777786832e-06,261.31195068359375,713.1505737304688,3.129769174847752e-05,5.306435585021973,2.2834267616271973,8.369800525542814e-06,2.949470043182373,715.8009033203125,3.684765033540316e-06,155.42208862304688,1.4225654602050781,1.6192132079595467e-06
543,4.993096351623535,3.555154800415039,4.645084118237719e-06,271.8268127441406,1.5504429340362549,1.4192823982739355e-06,152.49765014648438,0.5558979511260986,4.7009680201881565e-06,156.03970336914062,3.9177260398864746,7.121768248907756e-06,261.9193420410156,713.1505737304688,0.0001363574992865324,5.306435585021973,2.2834267616271973,2.5668310627224855e-05,2.949470043182373,715.8009033203125,7.687483048357535e-06,155.42208862304688,1.4225654602050781,4.831555088458117e-06
544,4.989610195159912,3.555154800415039,2.6516941034060437e-06,271.8268127441406,1.5504429340362549,7.650518227819703e-07,247.95175170898438,710.7610473632812,2.977449184982106e-06,156.489990234375,3.9177260398864746,1.3453536666929722e-05,261.31195068359375,713.1505737304688,5.389784200815484e-05,5.306435585021973,2.2834267616271973,8.400586921197828e-06,2.949470043182373,715.8009033203125,5.428593340184307e-06,155.42208862304688,1.6138544082641602,1.9774972770392196e-06
545,4.970307350158691,3.1559247970581055,6.225100605661282e-06,271.06109619140625,716.0855102539062,4.081871793459868e-06,248.095458984375,710.7610473632812,3.2860370993148535e-06,156.489990234375,3.9177260398864746,7.65231470722938e-06,259.4199523925781,712.5784301757812,0.00030344168771989644,261.535400390625,716.2185668945312,9.75775983533822e-05,262.4184875488281,715.5037231445312,1.933624480443541e-05,268.3856506347656,708.1734008789062,6.740436674590455e-06
546,4.970307350158691,3.1559247970581055,3.1289723665395286e-06,271.16375732421875,716.9442749023438,7.191993063315749e-06,248.095458984375,713.9942626953125,5.816912107547978e-06,156.489990234375,3.994340419769287,8.861850801622495e-06,260.556396484375,712.5784301757812,0.0027768630534410477,264.0983581542969,716.3665161132812,0.00021921598818153143,262.962646484375,715.5037231445312,1.2182621503598057e-05,268.3856506347656,708.6594848632812,3.9153887883003335e-06
547,4.43025016784668,3.2951061725616455,4.40891426478629e-06,271.16375732421875,716.9442749023438,4.492841526371194e-06,248.095458984375,713.9942626953125,1.35950594994938e-05,156.22930908203125,4.561728000640869,2.0840965589741245e-05,260.556396484375,712.5784301757812,0.001414920436218381,264.0983581542969,716.3665161132812,0.0002934850344900042,262.962646484375,715.1124877929688,3.01841337204678e-05,268.3856506347656,708.6594848632812,1.0186566214542836e-05
548,4.43025016784668,3.2951061725616455,4.681055997934891e-06,271.16375732421875,716.7168579101562,5.610312655335292e-06,248.095458984375,713.9942626953125,6.889752512506675e-06,156.39686584472656,4.561728000640869,1.2907630662084557e-05,260.498046875,712.5784301757812,0.0016144502442330122,264.0983581542969,716.3665161132812,0.00013471384590957314,262.962646484375,714.6940307617188,1.9852612240356393e-05,267.8824462890625,708.6594848632812,9.450132893107366e-06
549,4.43025016784668,3.2951061725616455,4.268732936907327e-06,272.97314453125,716.7168579101562,1.544015390209097e-06,248.587890625,711.3404541015625,1.0386554095020983e-05,156.39686584472656,4.492086410522461,5.939182665315457e-05,260.556396484375,712.9185791015625,2.2272972273640335e-05,264.4169921875,716.881103515625,2.99046059808461e-05,262.962646484375,714.6940307617188,1.1398068636481185e-05,267.8824462890625,708.6594848632812,5.845590749231633e-06
550,269.5958251953125,715.2611694335938,3.8105267776700202e-06,272.97314453125,716.7168579101562,5.780198989668861e-06,247.36651611328125,711.3404541015625,4.000662556791212e-06,156.4055938720703,4.492086410522461,1.6904043150134385e-05,260.5871276855469,712.9185791015625,0.004722587764263153,264.7441101074219,716.881103515625,3.992539495811798e-05,265.0216064453125,714.6940307617188,1.1712633749993984e-05,267.8824462890625,708.501220703125,7.120559075701749e-06
551,269.5958251953125,715.2611694335938,2.7519845389178954e-06,272.97314453125,715.8555908203125,2.5068677587114507e-06,296.0198669433594,711.0796508789062,9.756406143424101e-06,156.4055938720703,4.371109485626221,1.386619533150224e-05,260.5871276855469,712.2939453125,0.0004799807211384177,264.4169921875,716.4489135742188,4.836653533857316e-05,265.0216064453125,714.3526611328125,8.342665751115419e-06,267.8824462890625,708.4486694335938,4.151196208113106e-06
552,269.5958251953125,715.2611694335938,7.784571607771795e-06,271.8072814941406,716.7168579101562,4.379086476546945e-06,296.0198669433594,711.0796508789062,5.8047094171342906e-06,156.4055938720703,4.371109485626221,2.4425144147244282e-05,260.5871276855469,712.2939453125,0.0009523065527901053,265.5105285644531,716.4489135742188,2.4225388187915087e-05,267.26776123046875,714.8946533203125,7.69707821746124e-06,268.41845703125,708.501220703125,7.299532171600731e-06
553,269.5958251953125,715.2080078125,3.95314827983384e-06,270.8663024902344,716.884765625,1.1932880852327798e-06,296.495361328125,710.7625122070312,5.043271357862977e-06,156.42391967773438,4.42971134185791,1.4856535017315764e-05,260.6915588378906,712.2939453125,2.1780864699394442e-05,265.5105285644531,715.7971801757812,1.9748153135878965e-05,267.26776123046875,714.8946533203125,1.1118469046778046e-05,268.41845703125,708.6793823242188,4.758259819936939e-06
554,269.5958251953125,714.7190551757812,3.6737651498697232e-06,270.8663024902344,716.884765625,3.551148665792425e-06,296.99114990234375,710.1336059570312,4.277816969988635e-06,156.72415161132812,4.42971134185791,1.189743124996312e-05,260.6915588378906,712.2939453125,0.0008155058603733778,265.1566162109375,715.7971801757812,7.813062984496355e-05,266.3246765136719,714.4442749023438,8.045139111345634e-06,268.41827392578125,708.564453125,7.303382517420687e-06
555,4.715006351470947,3.1310622692108154,1.0796741662488785e-05,270.8663024902344,715.7610473632812,8.880292625690345e-06,296.99114990234375,709.5694580078125,8.279211215267424e-06,156.48402404785156,4.42971134185791,1.1912894478882663e-05,260.6915588378906,712.4979858398438,0.0012934388360008597,263.91064453125,715.4447021484375,0.00011413708125473931,266.19970703125,714.4205932617188,3.322059637866914e-05,268.0560607910156,708.564453125,1.0881252819672227e-05
556,4.715006351470947,3.1310622692108154,1.0018726243288256e-05,270.8663024902344,715.7610473632812,6.952848252694821e-06,137.8611297607422,0.4984269142150879,1.2838305337936617e-05,156.48402404785156,4.42971134185791,8.132367838697974e-06,260.6915588378906,712.5404052734375,0.0007820797618478537,263.91064453125,715.4447021484375,4.52969761681743e-05,266.19970703125,714.4442749023438,1.1595625437621493e-05,268.0560607910156,708.564453125,6.876866791571956e-06
557,5.547314643859863,3.491842269897461,3.4762224458972923e-06,293.0644836425781,714.46875,1.3620057188745704e-06,152.65455627441406,0.4984269142150879,3.973964794568019e-06,156.48402404785156,4.194139003753662,1.073969451681478e-05,261.8315124511719,712.4979858398438,5.061009869677946e-05,263.91064453125,715.4447021484375,2.0500356185948476e-05,169.69625854492188,714.4205932617188,6.622577529924456e-06,155.5698699951172,2.000088930130005,3.0323947157739894e-06
558,5.034783363342285,3.102626323699951,2.977403937620693e-06,293.0644836425781,714.46875,1.1201344705114025e-06,152.65455627441406,0.4984269142150879,3.776181529246969e-06,156.31631469726562,4.194139003753662,1.2725516171485651e-05,260.63677978515625,712.4979858398438,3.865262260660529e-05,263.6999206542969,716.213623046875,1.578920091560576e-05,169.69625854492188,714.4442749023438,7.330841526709264e-06,3.08170485496521,-0.31592226028442383,4.0594645724922884e-06
559,4.72027587890625,3.102626323699951,1.48362516938505e-06,271.9232177734375,1.2621302604675293,7.277881763911864e-07,137.8611297607422,0.4984269142150879,3.4551981116237585e-06,156.29150390625,4.0682196617126465,1.8549006199464202e-05,259.5160827636719,712.4979858398438,3.829855268122628e-05,5.2279767990112305,2.442336082458496,1.237440937984502e-05,71.62355041503906,713.5306396484375,5.682846676791087e-06,3.08170485496521,-0.31592226028442383,2.5795445708354237e-06
560,5.009842395782471,3.102626323699951,3.336469944770215e-06,1.1508522033691406,-2.7214436531066895,3.2387936244049342e-06,0.8882827758789062,0.745262622833252,8.326514034706634e-06,156.29150390625,4.0682196617126465,8.429831723333336e-06,259.5160827636719,713.2382202148438,0.0006497929571196437,5.2279767990112305,2.442336082458496,2.7205402147956192e-05,71.62355041503906,713.5306396484375,9.910858352668583e-06,3.08170485496521,-0.7438349723815918,3.7138811421755236e-06
561,5.034783363342285,3.3864569664001465,3.658256218841416e-06,268.8126525878906,1.2621302604675293,9.778499361345894e-07,152.65455627441406,0.7714359760284424,3.867246050504036e-06,156.29150390625,4.206742286682129,1.2577813322423026e-05,265.6129455566406,712.306396484375,4.999308293918148e-05,263.6999206542969,716.3251342773438,1.405550392519217e-05,71.62355041503906,713.5306396484375,4.526226803136524e-06,67.72486877441406,2.000088930130005,1.1553834156075027e-05
562,5.020733833312988,3.102626323699951,3.73237253370462e-06,268.8126525878906,715.685302734375,1.0893368198594544e-06,247.0509033203125,712.7315673828125,4.044367415190209e-06,156.37171936035156,4.206742286682129,4.612189513863996e-06,260.6748352050781,712.7640380859375,2.0895851776003838e-05,263.6999206542969,716.23486328125,1.9755894754780456e-05,71.62355041503906,714.9476928710938,6.728522748744581e-06,67.72486877441406,708.9401245117188,3.849422228086041e-06
563,5.020733833312988,3.3864569664001465,7.3786272878351156e-06,254.79098510742188,716.9395141601562,8.908020390663296e-06,152.3643798828125,0.7714359760284424,1.4868694961478468e-05,156.50379943847656,4.2620978355407715,2.1816245862282813e-05,260.6748352050781,712.7640380859375,0.0014205423649400473,5.2279767990112305,2.442336082458496,0.0001478087215218693,2.65095853805542,715.283935546875,2.19542853301391e-05,67.72486877441406,708.9401245117188,1.2082884495612234e-05
564,5.102317810058594,3.324474573135376,3.2165967240871396e-06,268.8126525878906,716.9395141601562,7.395132797682891e-06,152.3643798828125,0.7714359760284424,5.008072548662312e-06,156.50379943847656,4.2620978355407715,1.1568818990781438e-05,260.6748352050781,712.7008056640625,0.0019968703854829073,4.868293762207031,2.0311832427978516,0.0001956362830242142,2.65095853805542,715.283935546875,1.7324042346444912e-05,3.025630235671997,-0.7438349723815918,6.9403336055984255e-06
565,5.102317810058594,3.324474573135376,2.4076630324998405e-06,268.8126525878906,716.9395141601562,2.027220489253523e-06,152.3643798828125,1.0529897212982178,2.751559577518492e-06,156.64334106445312,4.024524211883545,8.222376891353633e-06,260.6748352050781,712.7008056640625,0.0003269051085226238,4.868293762207031,2.558957576751709,8.633293873572256e-06,2.65095853805542,715.283935546875,4.058806553075556e-06,2.9824013710021973,-0.719233512878418,2.193354930568603e-06
566,5.020733833312988,3.018754482269287,3.211223884136416e-06,254.79098510742188,1.4256234169006348,8.990429023469915e-07,137.04281616210938,0.7138540744781494,4.392906703287736e-06,156.43714904785156,4.019410610198975,2.397103344264906e-05,260.6748352050781,712.7008056640625,2.69297761406051e-05,4.618242263793945,2.0311832427978516,1.5474011888727546e-05,2.411217212677002,3.9162561893463135,4.869202712143306e-06,2.9037389755249023,-1.250868320465088,3.4333386338403216e-06
567,5.102317810058594,3.324474573135376,4.919284492643783e-06,254.79098510742188,1.4256234169006348,1.955957941390807e-06,137.04281616210938,-0.2113513946533203,5.974092800897779e-06,156.43714904785156,3.9973371028900146,1.692619116511196e-05,261.64630126953125,711.6050415039062,4.911120413453318e-05,4.618242263793945,2.0311832427978516,1.9763358068303205e-05,2.411217212677002,3.9162561893463135,7.414396804961143e-06,2.6302549839019775,-1.250868320465088,5.125700681674061e-06
568,5.102317810058594,3.324474573135376,4.5607698666572105e-06,293.3739013671875,1.4256234169006348,1.4847929605821264e-06,137.04281616210938,0.2760927677154541,5.107553533889586e-06,156.43714904785156,3.9973371028900146,5.1250749493192416e-06,261.64630126953125,712.1595458984375,6.802704592701048e-05,4.868293762207031,2.558957576751709,2.2452153643826023e-05,169.8190460205078,3.9162561893463135,7.635089787072502e-06,2.6302549839019775,-1.1145963668823242,4.607432856573723e-06
569,287.0576477050781,714.703125,7.37431537345401e-06,270.7709655761719,714.01904296875,4.419244305609027e-06,137.28182983398438,0.7138540744781494,4.821088168682763e-06,156.59312438964844,3.9102909564971924,1.3508471056411508e-05,261.64630126953125,712.1595458984375,0.0005969955818727612,259.6576232910156,715.9227294921875,0.0002592647506389767,260.39154052734375,714.0677490234375,1.3887210116081405e-05,2.6302549839019775,-0.719233512878418,3.316319634905085e-06
570,287.0576477050781,714.8182983398438,3.004977315868018e-06,271.3630676269531,714.2067260742188,1.6003367591110873e-06,152.5532989501953,0.7138540744781494,8.503436220053118e-06,156.59312438964844,3.9973371028900146,3.499647573335096e-05,260.12213134765625,712.1595458984375,0.00021378662495408207,264.24261474609375,716.4036254882812,1.5601683116983622e-05,265.9697570800781,714.1773071289062,7.45181796446559e-06,2.7733187675476074,-0.9990115165710449,6.016063252900494e-06
571,287.0576477050781,714.8182983398438,3.370925924173207e-06,293.3739013671875,714.2067260742188,2.7122118808620144e-06,152.5532989501953,0.2760927677154541,4.450181222637184e-06,156.59844970703125,4.126327037811279,1.626219273020979e-05,260.12213134765625,712.1595458984375,0.001155563397333026,264.6894836425781,716.5098266601562,5.3573363402392715e-05,266.1860656738281,715.015625,1.0766152627184056e-05,2.7733187675476074,-0.9990115165710449,3.89522119803587e-06
572,286.9407653808594,714.7232666015625,2.737188196988427e-06,271.3630676269531,715.8681030273438,3.2054165330919204e-06,152.5532989501953,1.2286181449890137,5.555351435759803e-06,156.59844970703125,4.126327037811279,7.3483474807289895e-06,259.946044921875,712.1595458984375,0.0010830413084477186,264.24261474609375,716.5098266601562,4.339432780398056e-05,265.9697570800781,714.1773071289062,8.670191164128482e-06,2.989783763885498,-0.9990115165710449,3.2069729059003294e-06
573,268.6186828613281,714.7232666015625,3.0354992759384913e-06,270.7709655761719,715.8681030273438,1.255146798939677e-06,137.646728515625,1.2286181449890137,4.313083536544582e-06,156.59844970703125,4.126327037811279,1.2163548490207177e-05,259.10174560546875,711.1158447265625,0.00011598247510846704,264.24261474609375,716.5098266601562,2.327412221347913e-05,265.9697570800781,714.0677490234375,7.958876267366577e-06,2.7733187675476074,-0.9990115165710449,3.28099258695147e-06
574,268.6186828613281,700.3760986328125,3.2810928587423405e-06,270.3879089355469,715.8681030273438,2.2904298475623364e-06,137.646728515625,0.878812313079834,4.4730172703566495e-06,156.59844970703125,4.165042877197266,8.131049980875105e-06,259.10174560546875,711.1158447265625,0.0002256537409266457,264.24261474609375,716.5098266601562,2.976036921609193e-05,265.9697570800781,715.015625,5.478689217852661e-06,2.7733187675476074,-0.9990115165710449,4.246005119057372e-06
575,4.825491428375244,3.8312294483184814,4.329319835960632e-06,270.3879089355469,715.9841918945312,1.3318399396666791e-06,137.646728515625,0.3407261371612549,5.373321528168162e-06,156.59844970703125,4.126327037811279,9.825642337091267e-06,259.4189453125,711.1158447265625,2.428467087156605e-05,264.3970031738281,716.5098266601562,2.2059830371290445e-05,3.4932632446289062,715.015625,5.722209607483819e-06,2.989783763885498,-0.6903095245361328,4.796805114892777e-06
576,4.69427490234375,2.7691590785980225,4.08324240197544e-06,252.8759002685547,715.9841918945312,7.465361704817042e-06,152.27752685546875,0.878812313079834,6.815268079662928e-06,156.8138885498047,3.9160568714141846,4.954056566930376e-05,259.4189453125,711.84033203125,0.004851676989346743,262.00897216796875,716.410888671875,0.00019016946316696703,-1.4056768417358398,3.8571367263793945,1.3422995834844187e-05,3.1767258644104004,-0.6903095245361328,7.223482043627882e-06
577,4.69427490234375,2.6983208656311035,5.220603725319961e-06,268.75885009765625,715.9841918945312,1.6776407392171677e-06,152.41864013671875,0.878812313079834,6.43121893517673e-06,156.90269470214844,4.266558647155762,2.4766182832536288e-05,260.212158203125,712.9012451171875,0.0004818554734811187,264.3970031738281,716.410888671875,3.0369525120477192e-05,3.4932632446289062,715.1487426757812,8.469186468573753e-06,3.1980059146881104,-0.6786136627197266,3.925449618691346e-06
578,4.69427490234375,2.6983208656311035,3.6443032058741665e-06,270.3879089355469,715.9841918945312,1.0337306548535707e-06,152.41864013671875,0.3407261371612549,4.914215878670802e-06,156.8138885498047,4.266558647155762,1.6691039490979165e-05,260.212158203125,712.9012451171875,0.00012630813580472022,264.3970031738281,716.477783203125,2.3326541850110516e-05,262.96343994140625,716.3821411132812,5.597624749498209e-06,3.1980059146881104,-0.5229477882385254,3.342521040394786e-06
579,4.674155235290527,2.648588180541992,2.853324076568242e-06,270.52569580078125,715.7744750976562,3.6055473628948675e-06,152.27752685546875,0.31684374809265137,7.470732271031011e-06,156.8138885498047,4.136660575866699,1.2142177183704916e-05,260.212158203125,712.9012451171875,0.00036940770223736763,263.840087890625,716.6069946289062,0.00014835262845735997,3.4932632446289062,716.3821411132812,1.4279225069913082e-05,3.1980059146881104,-0.5229477882385254,5.843622602696996e-06
580,4.674155235290527,2.648588180541992,4.514062311500311e-06,270.52569580078125,1.2363920211791992,3.3883006835822016e-06,137.6605987548828,0.31684374809265137,8.30384306027554e-06,156.62059020996094,4.387773513793945,2.7684034648700617e-05,260.27008056640625,712.8362426757812,0.00018616912711877376,263.840087890625,716.552978515625,0.0001835941948229447,75.212890625,714.6045532226562,1.419660202373052e-05,155.56045532226562,1.5639784336090088,5.81447147851577e-06
581,4.674155235290527,3.1451265811920166,2.7151286303706e-06,270.52569580078125,715.7744750976562,7.537677788604924e-07,137.6605987548828,0.31684374809265137,3.7762822557851905e-06,156.62059020996094,4.793657302856445,8.982407962321304e-06,260.27008056640625,711.1041259765625,0.00011190740769961849,266.37841796875,716.552978515625,2.0527138985926285e-05,262.96343994140625,715.4617919921875,3.748853487195447e-06,155.67843627929688,1.987196445465088,2.2549781988345785e-06
582,5.750216960906982,3.8131656646728516,2.2707642983732512e-06,293.96661376953125,715.7744750976562,7.088485745043727e-07,137.4005889892578,-0.013147830963134766,4.907308266410837e-06,156.53475952148438,4.387773513793945,1.7130363630712964e-05,264.6033630371094,710.5603637695312,3.791285416809842e-05,266.37841796875,717.0571899414062,1.8749155060504563e-05,262.96343994140625,714.6045532226562,7.917927177913953e-06,155.67843627929688,1.987196445465088,2.5352233024023008e-06
583,5.750216960906982,3.1451265811920166,6.268172001000494e-06,293.96661376953125,716.0227661132812,1.3827544535160996e-05,137.6605987548828,-0.013147830963134766,1.3323784514795989e-05,156.469970703125,4.387773513793945,2.7283373128739186e-05,264.6033630371094,710.5603637695312,0.002760685980319977,266.37841796875,717.0856323242188,0.00040105206426233053,260.5244140625,714.2899780273438,2.3432490706909448e-05,155.67843627929688,1.987196445465088,3.062394534936175e-05
584,267.8458251953125,715.2935791015625,2.5648728296800982e-06,293.96661376953125,716.0227661132812,1.100393092201557e-06,152.9988555908203,0.20455574989318848,2.3007214622339234e-06,156.4395751953125,4.387773513793945,6.289950306381797e-06,264.75244140625,710.9290771484375,8.437970245722681e-05,266.37841796875,716.552978515625,6.516535904665943e-06,260.5244140625,714.2899780273438,3.0805326787231024e-06,155.56045532226562,1.987196445465088,1.8573363149698707e-06
585,287.4129333496094,715.2935791015625,3.0336357212945586e-06,292.3883361816406,716.0227661132812,3.7810493722645333e-06,265.5901794433594,709.8958740234375,4.437247753230622e-06,156.4395751953125,4.062585353851318,1.3161278729967307e-05,264.75244140625,710.9290771484375,0.0015319408848881721,264.025390625,715.6928100585938,2.8132588340668008e-05,260.5244140625,714.09521484375,1.064686421159422e-05,76.69556427001953,708.1535034179688,3.1464658150071045e-06
586,287.4129333496094,714.4396362304688,5.026359758630861e-06,292.3883361816406,715.923095703125,2.984001639561029e-06,152.9988555908203,1.545792579650879,5.441894245450385e-06,156.4395751953125,4.062585353851318,1.1873649782501161e-05,259.562744140625,712.1029052734375,5.1754417654592544e-05,5.472425937652588,2.372514247894287,1.9245162548031658e-05,169.9656524658203,711.8733520507812,5.86295936955139e-06,3.2818217277526855,-0.5118327140808105,3.2200466648646398e-06
587,4.898242473602295,3.641146421432495,4.792735126102343e-06,272.6008605957031,707.1387939453125,3.3919054658326786e-06,153.17791748046875,1.545792579650879,8.063005225267261e-06,156.58583068847656,4.199000835418701,6.690686859656125e-06,259.562744140625,712.1760864257812,0.00029577119858004153,5.472425937652588,2.372514247894287,1.7889780792756937e-05,155.55368041992188,3.8339011669158936,2.029701317951549e-05,3.2818217277526855,-0.5118327140808105,3.0065368264331482e-05
588,4.849984645843506,3.641146421432495,3.2215946248470573e-06,270.6683349609375,707.1387939453125,9.234746585207176e-07,153.17791748046875,1.545792579650879,3.971914793510223e-06,156.58583068847656,4.199000835418701,1.0355211998103186e-05,260.028564453125,712.1760864257812,2.6109993996215053e-05,5.472425937652588,2.372514247894287,1.6034551663324237e-05,75.20321655273438,3.8339011669158936,4.43469207311864e-06,76.69556427001953,1.775907039642334,3.444922640483128e-06
589,4.849984645843506,3.641146421432495,4.520657512330217e-06,269.9114074707031,707.1387939453125,1.527850372440298e-06,153.17791748046875,1.545792579650879,9.941500138666015e-06,156.6083526611328,4.211189270019531,6.209590355865657e-05,259.719482421875,712.1760864257812,0.00013380643213167787,265.5181884765625,714.25048828125,2.2853722839499824e-05,155.55368041992188,3.879772663116455,7.854893738112878e-06,155.54942321777344,1.8924028873443604,5.9685630731109995e-06
590,4.849984645843506,3.2528464794158936,4.162883669778239e-06,269.9114074707031,716.71044921875,1.5956292145347106e-06,153.17791748046875,1.545792579650879,8.10130404715892e-06,156.6083526611328,4.211189270019531,3.4063225029967725e-05,260.028564453125,712.6688842773438,0.0005265519139356911,265.5181884765625,715.8418579101562,3.9921131246956065e-05,169.9656524658203,3.879772663116455,9.282769497076515e-06,155.67861938476562,1.8924028873443604,5.468958534038393e-06
591,5.045637130737305,3.2528464794158936,5.232146577327512e-06,270.2912902832031,716.71044921875,1.7088494132622145e-05,247.9166717529297,710.7252197265625,1.3577839126810431e-05,156.6083526611328,4.276224613189697,2.1067409761599265e-05,260.21875,712.6688842773438,0.004329851362854242,265.8575439453125,715.8418579101562,0.0003186930262017995,266.86444091796875,714.2618408203125,1.6243948266492225e-05,268.2702941894531,707.9921875,5.475544185173931e-06
592,272.3244323730469,701.02001953125,3.0166720534907654e-06,270.2912902832031,717.0433959960938,3.0362898542080075e-06,265.0359802246094,713.221923828125,3.2592031402600696e-06,156.6083526611328,4.4076337814331055,1.4798967640672345e-05,260.21875,711.9960327148438,0.00035590704646892846,265.8575439453125,715.8418579101562,3.954895510105416e-05,267.4390563964844,714.7366943359375,7.034543159534223e-06,269.0462341308594,708.8812255859375,3.2765397008915897e-06
593,273.3072814941406,701.02001953125,5.925550794927403e-06,270.2912902832031,717.234130859375,1.526706910226494e-05,266.57464599609375,713.221923828125,9.283017789130099e-06,156.6083526611328,4.4076337814331055,1.2578268979268614e-05,260.34832763671875,711.9960327148438,0.00984536949545145,265.8575439453125,715.4049072265625,0.0003865614999085665,267.4390563964844,714.7366943359375,2.0766921807080507e-05,269.0462341308594,708.8812255859375,1.1513072422530968e-05
594,273.3072814941406,701.02001953125,8.704282663529739e-06,270.2912902832031,717.0433959960938,1.3636937183036935e-05,265.0359802246094,713.221923828125,1.7777161701815203e-05,156.30715942382812,4.050973892211914,2.6866184271057136e-05,260.7041931152344,712.0585327148438,0.0033968561328947544,265.8575439453125,715.93212890625,0.0011438836809247732,267.4390563964844,714.9176025390625,5.307872197590768e-05,269.05584716796875,709.1463012695312,2.8169932193122804e-05
595,286.5546569824219,714.5152587890625,5.396240339905489e-06,270.2912902832031,716.1967163085938,5.187846909393556e-06,266.57464599609375,710.0048217773438,4.695309144153725e-06,156.52682495117188,4.050973892211914,1.8854836525861174e-05,260.7041931152344,711.9960327148438,0.001420814311131835,265.8575439453125,715.93212890625,2.8628595828195103e-05,267.4390563964844,715.1150512695312,1.2674815479840618e-05,269.05584716796875,708.8812255859375,5.139204859005986e-06
596,286.5546569824219,714.5152587890625,8.506770427629817e-06,269.6180419921875,716.1967163085938,6.399198355211411e-06,265.0359802246094,709.4908447265625,6.7128717091691215e-06,156.3561553955078,4.038175582885742,2.442297773086466e-05,260.7041931152344,711.8954467773438,0.0008322133799083531,264.2947692871094,715.93212890625,0.00018072886450681835,265.7307434082031,714.9176025390625,1.6244041034951806e-05,267.9167175292969,708.3580322265625,1.174892622657353e-05
597,273.3072814941406,700.4426879882812,2.8056526844011387e-06,272.66497802734375,709.9358520507812,2.842465619323775e-06,137.48391723632812,1.5482003688812256,8.35664013720816e-06,156.30715942382812,4.033882141113281,9.364590368932113e-06,260.7041931152344,712.0585327148438,0.00011562999134184793,264.07427978515625,715.0503540039062,1.1088026440120302e-05,264.8412780761719,715.3710327148438,3.7699887798225973e-06,3.2259511947631836,-0.7175240516662598,2.4774942630756414e-06
598,5.766870975494385,3.1531472206115723,3.7149009131098865e-06,285.8093566894531,708.90576171875,1.2066589079040568e-06,137.48391723632812,0.5945930480957031,4.10128450312186e-06,156.3561553955078,4.03167200088501,9.56260282691801e-06,260.7041931152344,712.0585327148438,3.319845563964918e-05,264.2947692871094,715.980224609375,1.7485841453890316e-05,169.55242919921875,715.3710327148438,5.4184606597118545e-06,3.2259511947631836,-1.1316723823547363,3.505411314108642e-06
599,4.467869281768799,3.0723443031311035,3.199354296157253e-06,285.8093566894531,0.9605190753936768,1.4209982737156679e-06,0.6971752643585205,0.6798419952392578,3.452912096690852e-06,156.3561553955078,4.0243706703186035,1.4909717720001936e-05,260.65509033203125,712.1615600585938,5.038598465034738e-05,5.081313133239746,2.2975234985351562,1.6480971680721268e-05,2.6442928314208984,4.046841144561768,5.917943326494424e-06,2.9498839378356934,-1.1316723823547363,3.4482327464502305e-06
600,4.467869281768799,3.0723443031311035,2.0301556560298195e-06,273.09735107421875,0.9605190753936768,1.218263378177653e-06,0.6971752643585205,0.6798419952392578,2.845188419087208e-06,156.3561553955078,4.0243706703186035,1.2414857337716967e-05,260.65509033203125,712.9381713867188,1.693909325695131e-05,5.081313133239746,2.2975234985351562,1.3902409591537435e-05,2.6442928314208984,4.046841144561768,3.936279881600058e-06,3.2259511947631836,-0.7175240516662598,1.6491113683514413e-06
601,4.372899055480957,2.9315056800842285,4.931751391268335e-06,273.09735107421875,708.90576171875,2.0886432139377575e-06,138.47886657714844,1.5482003688812256,5.896642505831551e-06,156.49632263183594,4.0243706703186035,2.0655485059251077e-05,260.65509033203125,713.0426025390625,4.091271330253221e-05,259.36444091796875,716.2247314453125,3.066772478632629e-05,169.55242919921875,714.5298461914062,1.1826435184048023e-05,3.5909183025360107,-0.20857858657836914,4.561191417451482e-06
602,5.766870975494385,2.9315056800842285,5.1645033636305016e-06,271.9962463378906,716.065673828125,5.102198429085547e-06,247.2519989013672,712.5152587890625,7.254112006194191e-06,156.49632263183594,4.254482746124268,9.08025867829565e-06,260.65509033203125,712.9381713867188,0.003346537472680211,264.9501647949219,716.2247314453125,0.00023103898274712265,261.4271240234375,714.088623046875,2.4750674128881656e-05,76.23038482666016,708.6559448242188,1.7312282579950988e-05
603,268.9071960449219,700.77392578125,4.531111699179746e-06,271.453369140625,716.5957641601562,4.2667184061429e-06,247.2519989013672,712.5152587890625,1.2360668733890634e-05,156.46961975097656,4.254482746124268,5.6051890169328544e-06,260.1507263183594,712.9381713867188,0.0018016350222751498,264.8651428222656,716.65478515625,3.973964339820668e-05,262.00360107421875,714.5298461914062,6.936674708413193e-06,268.1737365722656,708.7164916992188,7.72866314946441e-06
604,268.9071960449219,700.77392578125,4.8971724027069286e-06,271.453369140625,716.5957641601562,4.765098310599569e-06,247.2519989013672,712.5152587890625,6.898208084749058e-06,156.46961975097656,4.254482746124268,2.105381281580776e-05,260.1507263183594,712.9381713867188,0.0010187751613557339,264.9501647949219,716.65478515625,2.705123733903747e-05,262.00360107421875,714.80419921875,9.793721801543143e-06,268.1737365722656,708.7164916992188,5.944903023191728e-06
605,4.763124465942383,3.8207623958587646,2.942648961834493e-06,271.2509460449219,716.5957641601562,1.6554806734347949e-06,152.8209686279297,0.1707146167755127,5.846593921887688e-06,156.46961975097656,4.387143611907959,1.608730417501647e-05,260.328369140625,713.0426025390625,0.0002550219651311636,264.9501647949219,716.5925903320312,1.7219284927705303e-05,262.00360107421875,715.3134765625,7.604184247611556e-06,268.1737365722656,708.6559448242188,3.3084445476561086e-06
606,270.1239929199219,700.77392578125,3.290829226898495e-06,271.2509460449219,714.5379028320312,7.603101153108582e-07,152.8209686279297,0.1707146167755127,3.5267778457637178e-06,156.46961975097656,4.387143611907959,8.189048458007164e-06,260.52587890625,712.4588623046875,6.075334022170864e-05,265.85467529296875,716.52001953125,3.753103737835772e-05,266.4796447753906,715.3134765625,1.0475986528035719e-05,268.1737365722656,708.7164916992188,2.5179303975164657e-06
607,4.763124465942383,3.8207623958587646,4.8862420953810215e-06,154.8992462158203,3.3371572494506836,1.5091950444912072e-06,138.3274688720703,0.13081789016723633,6.457837571360869e-06,156.7251739501953,4.432204246520996,2.4101827875711024e-05,260.328369140625,713.2203369140625,0.00013012731506023556,264.8651428222656,716.52001953125,2.3605145543115214e-05,169.9136962890625,715.3134765625,6.7579312599264085e-06,155.95030212402344,1.9545884132385254,4.058872036694083e-06
608,4.719762802124023,3.0142669677734375,5.028110081184423e-06,1.3041915893554688,-2.5724072456359863,3.995488441432826e-06,138.3274688720703,0.1707146167755127,3.956561613449594e-06,156.7251739501953,4.432204246520996,6.952761395950802e-06,260.52587890625,713.3087158203125,0.00021816570369992405,5.042836666107178,2.3619213104248047,2.9642087611136958e-05,75.98837280273438,715.1887817382812,6.284009032242466e-06,3.7220380306243896,-0.7240772247314453,3.889790150424233e-06
609,4.616587162017822,3.0142669677734375,3.2478435514349258e-06,154.8992462158203,1.3685309886932373,1.1152652632517857e-06,138.3274688720703,0.8947100639343262,7.5382554314273875e-06,156.8762969970703,4.511796474456787,3.703852053149603e-05,261.62908935546875,713.3087158203125,7.489692507078871e-05,5.042836666107178,2.3619213104248047,1.475286262575537e-05,169.9136962890625,715.0796508789062,9.463849892199505e-06,3.0770504474639893,-0.7240772247314453,5.2307195801404305e-06
610,4.719762802124023,3.1776957511901855,4.578183506964706e-06,271.746337890625,3.3371572494506836,1.5733696727693314e-06,137.80027770996094,0.8947100639343262,4.849317974731093e-06,156.7251739501953,4.511796474456787,8.181781595339999e-06,261.62908935546875,713.3087158203125,5.796753612230532e-05,266.39990234375,716.52001953125,2.4094886612147093e-05,169.9136962890625,715.0796508789062,6.666172794211889e-06,155.95030212402344,1.9545884132385254,4.240238467900781e-06
611,4.719762802124023,3.0142669677734375,2.3525515189248836e-06,270.4032897949219,3.3371572494506836,7.943202717797249e-07,0.8442449569702148,0.5631709098815918,2.608754357424914e-06,156.69137573242188,4.413942813873291,4.036679456476122e-06,261.62908935546875,713.3192138671875,0.0001520193909527734,266.39990234375,715.1768798828125,3.192385338479653e-05,169.9136962890625,713.8447875976562,5.0065536925103515e-06,3.0770504474639893,-0.7240772247314453,2.360151711400249e-06
612,4.724697113037109,3.1776957511901855,2.1664109226549044e-06,271.746337890625,711.157470703125,1.1259103303018492e-06,0.8442449569702148,0.5631709098815918,3.917192316293949e-06,156.306396484375,4.413942813873291,1.090342084353324e-05,261.62908935546875,713.3087158203125,0.00012119492021156475,266.39990234375,716.3837890625,1.3648855201608967e-05,265.6297302246094,714.7147216796875,9.827694157138467e-06,3.0770504474639893,-0.7240772247314453,3.674346771731507e-06
613,268.1862487792969,700.9735717773438,4.197694124741247e-06,271.746337890625,716.3549194335938,2.640897946548648e-06,137.52642822265625,0.021624326705932617,4.111674115847563e-06,156.28697204589844,4.413942813873291,9.265656444767956e-06,261.4454345703125,712.8497924804688,0.00028859791927970946,266.39990234375,716.78759765625,3.767968519241549e-05,266.77044677734375,715.0796508789062,1.1030619134544395e-05,268.1194763183594,708.4235229492188,4.0951558730739634e-06
614,272.3253173828125,714.9215087890625,5.5028649512678385e-06,271.746337890625,716.3549194335938,4.624032044375781e-06,137.80027770996094,0.021624326705932617,1.0023638424172532e-05,156.28697204589844,4.3550333976745605,4.444559817784466e-05,261.4454345703125,712.5452880859375,0.0034710103645920753,266.56219482421875,716.7634887695312,4.261608046363108e-05,266.71917724609375,714.7147216796875,9.945407327904832e-06,268.5453186035156,708.4235229492188,8.23212212708313e-06
615,268.1862487792969,714.9215087890625,5.543877250602236e-06,270.4032897949219,716.3549194335938,8.27752137411153e-06,137.52642822265625,0.5631709098815918,6.870062861707993e-06,156.40518188476562,4.292487144470215,1.9098204575129785e-05,260.68194580078125,712.8497924804688,0.003372109727934003,265.9004821777344,716.7634887695312,0.00020106225565541536,266.71917724609375,714.452880859375,2.8709853722830303e-05,268.1194763183594,708.1001586914062,8.938179234974086e-06
616,273.0436096191406,714.9215087890625,8.960684681369457e-06,271.0674133300781,716.3549194335938,7.568365617771633e-06,137.87677001953125,0.37704992294311523,8.136006726999767e-06,156.36993408203125,4.120521068572998,1.2090653399354778e-05,260.68194580078125,712.514404296875,0.00233031646348536,265.36590576171875,716.7634887695312,2.4991528334794566e-05,266.71917724609375,714.599853515625,1.4065975847188383e-05,268.5453186035156,708.4235229492188,1.1937026101804804e-05
617,268.1862487792969,700.1075439453125,4.387216904433444e-06,270.186767578125,716.5405883789062,1.5716479992988752e-06,137.98226928710938,0.9784126281738281,5.518268153537065e-06,156.36993408203125,4.113894462585449,1.899490598589182e-05,259.8379211425781,712.514404296875,0.00011300182086415589,265.36590576171875,716.7634887695312,3.810572161455639e-05,266.71917724609375,714.452880859375,8.720317964616697e-06,268.5453186035156,708.4235229492188,4.769808583660051e-06
618,4.472661018371582,3.2460906505584717,9.554526513966266e-06,270.82354736328125,717.0758056640625,6.3705488173582125e-06,137.87677001953125,0.9784126281738281,6.1034866121190134e-06,156.36993408203125,4.113894462585449,1.6257214156212285e-05,260.8128967285156,712.514404296875,0.002161524724215269,264.1807556152344,715.0084838867188,0.00013575656339526176,261.9230651855469,714.452880859375,2.1133975678822026e-05,267.78204345703125,708.2980346679688,2.392948772467207e-05
619,4.472661018371582,3.2460906505584717,3.3717392398102675e-06,269.54949951171875,717.2511596679688,4.6844543248880655e-06,137.87677001953125,0.9784126281738281,4.0539130168326665e-06,156.36993408203125,4.113894462585449,7.772887329338118e-06,260.8128967285156,712.514404296875,0.0002268531679874286,264.1807556152344,715.0084838867188,0.0002085103769786656,80.1257553100586,712.30908203125,0.00021453805675264448,78.43766021728516,709.0697631835938,0.00013522325025405735
620,4.5138840675354,3.398190498352051,3.4909094210888725e-06,270.8073425292969,717.2511596679688,2.24992595576623e-06,248.75680541992188,711.4786987304688,5.257380507828202e-06,156.36993408203125,4.4765238761901855,2.508396028133575e-05,260.8128967285156,712.514404296875,0.0005685886135324836,263.32952880859375,715.0084838867188,1.7533866412122734e-05,261.6875915527344,714.4548950195312,6.400369784387294e-06,267.71771240234375,713.0216674804688,5.502208750840509e-06
621,4.5138840675354,3.398190498352051,5.089023943583015e-06,270.8073425292969,717.2511596679688,5.416224212240195e-06,248.75680541992188,711.4786987304688,7.348642157012364e-06,156.67459106445312,4.4765238761901855,2.122417754435446e-05,259.25762939453125,712.8882446289062,0.002314627170562744,261.711669921875,715.985595703125,0.0001422355999238789,261.6875915527344,714.4548950195312,8.24671151349321e-05,78.43766021728516,713.67529296875,1.670733036007732e-05
622,267.80908203125,715.187744140625,4.691406047641067e-06,270.8073425292969,716.6099243164062,1.2615677405847237e-05,248.75680541992188,712.9650268554688,1.3028904504608363e-05,267.1551208496094,716.1708374023438,3.2621876016492024e-05,260.42095947265625,712.26904296875,0.0009235492325387895,263.32952880859375,715.985595703125,0.00048076719394885004,261.9230651855469,714.8006591796875,4.922968946630135e-05,267.71771240234375,713.0216674804688,1.0428618224977981e-05
623,267.80908203125,715.187744140625,3.225849695809302e-06,270.4936828613281,716.44384765625,1.4213072745405952e-06,248.75680541992188,712.9650268554688,4.020486358058406e-06,267.1551208496094,716.1708374023438,1.2793915630027186e-05,260.42095947265625,712.26904296875,7.248469773912802e-05,264.7156677246094,717.1051025390625,2.5386627385159954e-05,261.6875915527344,714.8006591796875,1.1095018635387532e-05,267.71771240234375,714.2760620117188,8.236370376835112e-06
624,267.80908203125,715.187744140625,7.855785042920616e-06,270.8073425292969,715.3603515625,1.2637305189855397e-05,152.7747802734375,0.8482146263122559,6.594789738301188e-06,156.67459106445312,4.109838008880615,1.575421447341796e-05,259.25762939453125,712.8235473632812,0.0029220434371382,263.32952880859375,717.1051025390625,0.00023747720115352422,261.6875915527344,714.8006591796875,2.889649840653874e-05,267.71771240234375,714.2760620117188,1.4849169019726105e-05
625,268.5676574707031,715.187744140625,5.801184215670219e-06,271.72845458984375,715.3603515625,1.965601313713705e-06,152.7747802734375,0.8482146263122559,5.870960649190238e-06,156.67459106445312,4.109838008880615,2.420377313683275e-05,259.4698791503906,712.26904296875,0.00017426445265300572,261.711669921875,716.3558349609375,0.00010215977090410888,260.9854736328125,714.8037719726562,1.4207654203346465e-05,267.52276611328125,708.696533203125,6.93650918037747e-06
626,4.708008289337158,3.4949162006378174,3.973415005020797e-06,270.4936828613281,715.3603515625,1.5651476132916287e-06,0.51808762550354,1.23414945602417,5.908869752602186e-06,156.47683715820312,4.136823654174805,9.886220141197555e-06,260.42095947265625,712.26904296875,9.588281682226807e-05,259.61895751953125,715.8372802734375,2.3713377231615596e-05,2.4071598052978516,714.8037719726562,7.708788871241268e-06,267.52276611328125,708.6463623046875,5.162193701835349e-06
627,4.708008289337158,3.4949162006378174,5.366940058593173e-06,269.1621398925781,715.3603515625,4.8406773203168996e-06,0.51808762550354,0.8482146263122559,6.596941148018232e-06,156.25938415527344,4.136823654174805,1.173515192931518e-05,264.56561279296875,712.0369262695312,0.0005909461178816855,259.61895751953125,716.3558349609375,7.479863415937871e-05,-1.6022377014160156,4.058043479919434,1.4627337804995477e-05,267.52276611328125,708.0884399414062,5.470288215292385e-06
628,4.708008289337158,3.4949162006378174,3.4362699352641357e-06,271.72845458984375,715.3603515625,1.0519810302866972e-06,137.6986541748047,1.23414945602417,4.582223482429981e-06,156.47683715820312,4.136823654174805,1.208604226121679e-05,266.0061950683594,712.0369262695312,2.373790630372241e-05,259.61895751953125,716.3558349609375,1.885312667582184e-05,2.4071598052978516,714.1719360351562,1.5574820281472057e-05,3.0523667335510254,-0.9000205993652344,3.603625827963697e-06
629,269.821533203125,700.56103515625,4.459719093574677e-06,270.99713134765625,715.606689453125,3.5398184081714135e-06,152.8673858642578,1.23414945602417,6.999838660703972e-06,156.5116729736328,4.377395153045654,1.7385294995619915e-05,266.03448486328125,711.859130859375,0.002032421762123704,271.0871276855469,716.3787231445312,0.00020324393699411303,260.9854736328125,714.1719360351562,8.926337613957003e-06,267.52276611328125,707.9927368164062,9.224261702911463e-06
630,269.16571044921875,700.56103515625,3.382715021871263e-06,269.42230224609375,717.4067993164062,3.6507001368590863e-06,152.8673858642578,1.23414945602417,7.838445526431315e-06,156.5116729736328,4.377395153045654,1.1583821105887182e-05,266.3545227050781,711.4439697265625,0.0006518926238641143,271.0871276855469,716.3787231445312,5.08175726281479e-05,266.70953369140625,714.1719360351562,1.1233801160415169e-05,268.09967041015625,707.9927368164062,3.436306087678531e-06
631,269.16571044921875,715.2747192382812,5.650794719258556e-06,270.9398193359375,717.569091796875,4.2377728277642746e-06,265.0886535644531,711.0602416992188,7.982745046319906e-06,156.5341796875,4.6908721923828125,3.165163070661947e-05,266.03448486328125,711.1014404296875,0.0010004114592447877,271.0871276855469,716.3787231445312,4.576054561766796e-05,267.1312561035156,713.7328491210938,7.2781504059094004e-06,268.56488037109375,708.0827026367188,7.393687155854423e-06
632,269.16571044921875,714.4532470703125,5.653322205034783e-06,270.9398193359375,717.4280395507812,9.478609172219876e-06,265.0886535644531,713.6749877929688,1.0282294169883244e-05,266.6583251953125,717.1533203125,1.8183998690801673e-05,266.03448486328125,711.0615844726562,0.0012552231783047318,271.0871276855469,716.9877319335938,0.0001754912082105875,267.4090576171875,714.1719360351562,1.5255894140864257e-05,268.56488037109375,708.0827026367188,1.1782552974182181e-05
633,269.16571044921875,714.4532470703125,1.3288584341353271e-05,269.42230224609375,717.4280395507812,2.7920399588765576e-05,264.45660400390625,713.6749877929688,9.359500836580992e-06,266.6583251953125,717.1533203125,3.818629920715466e-05,266.1380615234375,710.9364013671875,0.007936169393360615,267.9544677734375,716.1394653320312,0.00046084547648206353,267.1312561035156,713.7328491210938,3.8174359360709786e-05,268.56488037109375,708.0827026367188,2.7306668926030397e-05
634,269.0926208496094,714.4532470703125,5.955945653113304e-06,269.42230224609375,717.4067993164062,4.197658199700527e-06,264.45660400390625,713.6749877929688,8.534885637345724e-06,266.6583251953125,717.1533203125,1.4454170013777912e-05,266.1380615234375,710.9364013671875,0.0014558496186509728,267.51275634765625,716.06982421875,0.00011787244147853926,267.1312561035156,713.7095947265625,1.1420013834140263e-05,268.56488037109375,708.0827026367188,9.28104327613255e-06
635,4.410311698913574,4.048030853271484,3.874481535603991e-06,270.9398193359375,716.3887329101562,1.4967837387303007e-06,0.5537288188934326,0.7274703979492188,6.3992952163971495e-06,170.5630340576172,4.754794120788574,1.1787498806370422e-05,264.7883605957031,711.1014404296875,4.561837704386562e-05,266.5639953613281,716.1394653320312,3.1394516554428264e-05,265.1177062988281,713.7095947265625,1.001517284748843e-05,2.75111985206604,-0.12791728973388672,7.357778940786375e-06
636,4.410311698913574,4.048030853271484,5.992054866510443e-06,271.68572998046875,716.357177734375,4.362705112725962e-06,0.5537288188934326,0.7178671360015869,6.302265774138505e-06,156.78298950195312,4.531950950622559,5.447880994324805e-06,266.1380615234375,710.5897827148438,0.0005679546156898141,264.6418151855469,716.1394653320312,6.574152939720079e-05,265.1177062988281,714.1375122070312,9.146806405624375e-06,2.75111985206604,-0.12791728973388672,6.463136287493398e-06
637,4.410311698913574,3.3996474742889404,2.564655233072699e-06,272.03961181640625,714.6820678710938,2.119758846674813e-06,0.5199906826019287,0.36887550354003906,4.133707534492714e-06,156.78298950195312,4.531950950622559,8.825575605442282e-06,265.593994140625,710.9370727539062,0.0021429606713354588,264.3026428222656,715.9130249023438,2.7203039280720986e-05,-1.6490254402160645,3.7292909622192383,7.890805136412382e-06,2.75111985206604,-0.12791728973388672,3.845749233732931e-06
638,4.626853942871094,3.3996474742889404,8.427557077084202e-06,289.0700988769531,715.0784912109375,4.932880528940586e-06,0.5537288188934326,0.3588907718658447,5.505998615262797e-06,156.78298950195312,4.531950950622559,2.58339787251316e-05,265.593994140625,712.472412109375,0.000475462555186823,264.3026428222656,715.9130249023438,1.681748835835606e-05,169.83038330078125,3.7292909622192383,7.544786058133468e-06,155.6094512939453,1.973848819732666,7.392749466816895e-06
639,286.7314453125,708.643798828125,5.5198315749294125e-06,289.0700988769531,715.0784912109375,2.345029770367546e-06,136.93472290039062,0.23630094528198242,5.864066679350799e-06,156.53570556640625,4.577362060546875,7.308294698304962e-06,265.593994140625,712.177490234375,0.00016899338515941054,264.6418151855469,715.5023193359375,2.2308620827971026e-05,265.1177062988281,714.1375122070312,6.8917370299459435e-06,267.431396484375,708.2390747070312,5.268281711323652e-06
640,286.7314453125,714.078125,5.834440798935248e-06,289.0700988769531,715.0784912109375,3.127877334918594e-06,137.96710205078125,0.23630094528198242,6.809576461819233e-06,156.53570556640625,4.703590393066406,2.2381009330274537e-05,265.593994140625,711.6087036132812,4.498029738897458e-05,265.2302551269531,715.4513549804688,1.61478001245996e-05,265.8274841308594,714.1375122070312,7.028876552794827e-06,267.864501953125,708.5798950195312,4.4394569158612285e-06
641,267.1505126953125,714.078125,1.1802142580563668e-05,271.03363037109375,715.0784912109375,6.454887625295669e-06,138.04339599609375,0.3588907718658447,6.242293238756247e-06,156.53570556640625,4.703590393066406,1.7514728824608028e-05,261.17205810546875,712.177490234375,0.0024412991479039192,265.2302551269531,715.3963623046875,0.00018156068108510226,169.83038330078125,3.675811290740967,1.2123016858822666e-05,267.431396484375,708.2390747070312,6.990878773649456e-06
642,267.1505126953125,714.078125,6.5395893216191325e-06,269.5885314941406,715.0784912109375,1.74222732312046e-05,138.04339599609375,0.6598656177520752,8.715944204595871e-06,156.53570556640625,4.577362060546875,2.234545536339283e-05,261.1672668457031,714.3234252929688,0.004485653713345528,265.2302551269531,715.3963623046875,0.0006898587453179061,169.83038330078125,4.129580974578857,4.593114135786891e-05,155.6094512939453,1.973848819732666,2.2511780116474256e-05
643,4.4799299240112305,2.857621192932129,2.9203813483036356e-06,1.528442144393921,-2.419417381286621,1.0686165978768258e-06,138.04339599609375,0.6598994731903076,4.501255716604646e-06,156.5811309814453,4.403912544250488,1.2629677257791627e-05,260.9728698730469,712.177490234375,2.754323031695094e-05,4.767541885375977,1.785400390625,2.1122714315424673e-05,75.97747802734375,713.7572021484375,7.623397323186509e-06,3.069896936416626,-0.7338671684265137,3.657753495645011e-06
644,4.4799299240112305,2.857621192932129,5.808081368741114e-06,1.528442144393921,-2.419417381286621,1.5774968460391392e-06,137.77969360351562,0.6598994731903076,5.5476325542258564e-06,156.59140014648438,4.403912544250488,1.4282126358011737e-05,260.9728698730469,713.4131469726562,5.385976692195982e-05,4.767541885375977,1.785400390625,3.337886664667167e-05,75.97747802734375,4.129580974578857,9.691641025710851e-06,3.069896936416626,-0.7338671684265137,4.713330781669356e-06
645,4.4799299240112305,2.857621192932129,3.2105074296850944e-06,1.528442144393921,-2.419417381286621,1.1854582453452167e-06,137.77969360351562,0.6598994731903076,4.041610282001784e-06,156.59140014648438,4.403912544250488,1.2977020560356323e-05,260.8213806152344,713.4131469726562,1.6654104911140166e-05,4.767541885375977,1.785400390625,1.912749394250568e-05,75.97747802734375,4.129580974578857,5.851949026691727e-06,3.069896936416626,-0.7338671684265137,3.2522079891350586e-06
646,267.5199279785156,714.6843872070312,5.250806680123787e-06,270.5549621582031,710.7572631835938,2.2023573365004268e-06,137.77969360351562,0.6598994731903076,1.1628161701082718e-05,156.74105834960938,4.631490707397461,2.2368440113496035e-05,259.7369689941406,712.5781860351562,0.00043597473995760083,265.0661926269531,716.2678833007812,3.17140256811399e-05,155.3909912109375,713.7572021484375,7.864983672334347e-06,268.09027099609375,709.3956909179688,5.947652880422538e-06
647,267.5199279785156,714.6843872070312,2.0268658772693016e-05,270.5549621582031,710.7572631835938,2.2186415662872605e-05,137.77969360351562,0.6598994731903076,8.80377774592489e-06,156.74105834960938,4.631490707397461,1.4011045095685404e-05,258.8225402832031,711.518798828125,0.0021438233088701963,265.0661926269531,716.2678833007812,0.00017384008970111609,155.3909912109375,715.73779296875,1.9152026652591303e-05,268.09027099609375,709.3956909179688,6.067006779630901e-06
648,267.5199279785156,714.6843872070312,4.67445852336823e-06,270.5549621582031,710.7572631835938,1.1732712664525025e-05,137.77969360351562,0.8289995193481445,3.893138000421459e-06,156.59140014648438,4.631490707397461,1.0431065675220452e-05,259.7369689941406,712.5781860351562,0.007089745718985796,265.0661926269531,716.2678833007812,0.000849839358124882,169.8357696533203,715.73779296875,4.253244333085604e-05,268.09027099609375,709.3956909179688,8.078744940576144e-06
649,4.8472065925598145,3.347900152206421,2.9780710519844433e-06,1.7957794666290283,-2.7114338874816895,8.007243081920024e-07,137.66700744628906,0.8289995193481445,3.3312335290247574e-06,156.48587036132812,4.572508335113525,1.544259794172831e-05,259.7369689941406,712.5781860351562,1.2276039342395961e-05,4.9715657234191895,2.583871364593506,1.5368259482784197e-05,169.8357696533203,716.1929931640625,4.3295431169099174e-06,3.031263828277588,-0.7140226364135742,2.6768534553411882e-06
650,4.8472065925598145,3.347900152206421,3.674903837236343e-06,1.7957794666290283,-2.7114338874816895,1.0636376828188077e-06,137.5214385986328,0.4081532955169678,3.5199097965232795e-06,156.48587036132812,4.2415771484375,8.899910426407587e-06,260.3330078125,712.5781860351562,3.324439239804633e-05,4.9715657234191895,2.583871364593506,1.3710900020669214e-05,169.8357696533203,715.73779296875,4.472134605748579e-06,3.031263828277588,-0.7140226364135742,3.409070359339239e-06
651,4.5511298179626465,3.347900152206421,3.923425083485199e-06,1.7957794666290283,-2.7114338874816895,1.549684498058923e-06,137.3566436767578,0.13657522201538086,7.3284090831293724e-06,156.22930908203125,4.149752140045166,1.9525736206560396e-05,260.3330078125,712.796142578125,7.367820217041299e-05,4.9715657234191895,2.583871364593506,2.2339214410749264e-05,169.8357696533203,714.9776000976562,8.40448137751082e-06,3.031263828277588,-0.7140226364135742,4.583775080391206e-06
652,4.324771404266357,3.4535982608795166,7.141498826968018e-06,1.7957794666290283,-2.09674072265625,5.889286512683611e-06,137.35018920898438,0.4081532955169678,4.753252142108977e-06,156.34619140625,4.149752140045166,1.6570851585129276e-05,260.3330078125,712.796142578125,0.0016364159528166056,4.9715657234191895,2.583871364593506,2.2635062123299576e-05,169.8357696533203,714.5204467773438,9.220866559189744e-06,3.031263828277588,-0.7140226364135742,7.743971764284652e-06
653,4.324771404266357,3.7130818367004395,3.3527949199196883e-06,270.7137756347656,716.3151245117188,1.954522076630383e-06,137.3566436767578,0.3559532165527344,6.384440439433092e-06,156.48587036132812,4.149752140045166,1.27127677842509e-05,260.68084716796875,712.796142578125,0.0005344548844732344,264.3028869628906,716.0046997070312,7.463789370376617e-05,2.64935302734375,714.5204467773438,6.184155154187465e-06,267.5863952636719,707.910888671875,4.574316790240118e-06
654,4.501235485076904,3.7130818367004395,4.330178853706457e-06,270.7137756347656,716.3151245117188,1.5539926607743837e-06,137.35018920898438,0.3559532165527344,6.017021405568812e-06,156.70504760742188,4.127176284790039,1.7374090020894073e-05,260.0286560058594,712.5728759765625,2.337027035537176e-05,265.0244445800781,716.796875,2.4299313736264594e-05,-1.6259469985961914,3.8407649993896484,8.510997759003658e-06,267.5863952636719,707.910888671875,4.8648817028151825e-06
655,4.501235485076904,3.7130818367004395,4.28661724072299e-06,270.6031799316406,716.6572875976562,2.4680568913026946e-06,137.35018920898438,0.44043469429016113,6.70318559059524e-06,156.70504760742188,4.127176284790039,2.3317265004152432e-05,259.6906433105469,712.796142578125,0.00015360896941274405,265.0244445800781,716.0046997070312,4.223476571496576e-05,-1.6259469985961914,3.8407649993896484,6.295285402302397e-06,267.7740478515625,707.910888671875,3.950058271584567e-06
656,4.501235485076904,3.4535982608795166,4.946088665747084e-06,270.6031799316406,715.1093139648438,3.267905185566633e-06,0.5295364856719971,0.44043469429016113,6.642032985837432e-06,156.70504760742188,4.083640098571777,7.773614015604835e-06,259.6906433105469,712.7158813476562,0.0006883961032144725,265.2736511230469,716.1000366210938,8.863995753927156e-05,-1.6259469985961914,3.6531741619110107,8.622670975455549e-06,2.510727882385254,-0.8487801551818848,5.7008851399587e-06
657,268.2398986816406,714.3881225585938,6.069616574677639e-06,270.7591857910156,716.6572875976562,1.929242534970399e-05,137.41766357421875,0.44043469429016113,2.2310898202704266e-05,156.76376342773438,4.127176284790039,3.148242103634402e-05,260.1470031738281,712.7158813476562,0.0039656152948737144,265.5645751953125,716.1000366210938,0.0007389025995507836,169.8943634033203,3.8407649993896484,5.892128683626652e-05,267.7740478515625,707.9348754882812,1.6616235370747745e-05
658,268.2398986816406,714.8207397460938,3.4774161576933693e-06,270.60809326171875,716.2667236328125,1.263339299839572e-06,247.49644470214844,713.5553588867188,4.9511245379108004e-06,156.76376342773438,4.2692461013793945,1.8238808479509316e-05,259.6906433105469,712.5728759765625,0.00037249192246235907,265.88714599609375,716.1000366210938,2.7352698452887125e-05,265.11077880859375,714.6967163085938,9.294648407376371e-06,267.7740478515625,707.9348754882812,4.714157967100618e-06
659,268.61627197265625,716.242431640625,8.598922249802854e-06,270.7591857910156,716.5706787109375,1.4530654880218208e-05,247.49644470214844,713.5553588867188,1.2049167708028108e-05,156.5519256591797,4.489680290222168,2.6606727260514162e-05,259.6906433105469,712.53369140625,0.0029492946341633797,265.88714599609375,716.1000366210938,0.00036836430081166327,266.4823303222656,714.9971313476562,3.2680352887837216e-05,268.24365234375,714.2669067382812,1.8039429050986655e-05
660,268.61627197265625,714.8207397460938,1.9113507732981816e-05,271.27813720703125,716.4222412109375,1.8330811144551262e-05,247.49644470214844,713.5553588867188,1.4517538147629239e-05,156.51751708984375,4.2692461013793945,2.0372954168124124e-05,259.57159423828125,712.3369140625,0.01586909219622612,265.88714599609375,716.1000366210938,0.0005947689642198384,266.4823303222656,714.6967163085938,1.8490158254280686e-05,268.24365234375,707.9348754882812,8.620837434136774e-06
661,268.61627197265625,714.8207397460938,4.480364623304922e-06,270.7591857910156,716.51171875,6.80771245242795e-06,247.49644470214844,713.5553588867188,4.003162302979035e-06,156.51751708984375,4.2692461013793945,1.5455945685971528e-05,259.57159423828125,712.3369140625,0.002408352680504322,264.691650390625,716.7019653320312,0.00012951332610100508,266.6120300292969,715.7625122070312,1.566806349728722e-05,268.4873046875,708.7391967773438,5.682456958311377e-06
662,4.918689250946045,3.3051767349243164,2.8350505090202205e-06,271.27813720703125,716.4222412109375,3.2515504244656768e-06,248.32235717773438,710.0231323242188,5.853685706824763e-06,156.51751708984375,4.2692461013793945,1.9384469851502217e-05,259.57159423828125,712.3369140625,0.002715586917474866,264.6293640136719,716.7019653320312,7.76212546043098e-05,266.4823303222656,715.7625122070312,7.357849426625762e-06,268.24365234375,708.7391967773438,2.714165702855098e-06
663,4.632418632507324,3.3051767349243164,3.313525439807563e-06,271.27813720703125,716.4222412109375,4.575969796860591e-06,137.79612731933594,1.373901128768921,4.506247023527976e-06,156.5519256591797,3.982801914215088,2.1926456611254252e-05,259.9103088378906,712.53369140625,0.0017919341335073113,264.2193298339844,715.6461181640625,9.755462087923661e-05,262.0735778808594,715.788330078125,1.2776662515534554e-05,2.8954052925109863,-0.9719710350036621,5.669362508342601e-06
664,4.600383758544922,3.0927202701568604,3.6904871194565203e-06,270.8760681152344,715.9340209960938,1.268271716980962e-06,248.1349639892578,710.0231323242188,6.394720003299881e-06,156.54800415039062,3.982801914215088,1.8484130123397335e-05,259.9103088378906,712.4885864257812,5.0621689297258854e-05,264.2193298339844,715.6461181640625,1.714113386697136e-05,3.2988390922546387,715.814453125,5.407336175267119e-06,2.6501450538635254,-0.9719710350036621,3.6893541164317867e-06
665,4.600383758544922,3.0927202701568604,3.0088940548012033e-06,270.6862487792969,706.773681640625,8.209145221371728e-07,137.79612731933594,1.112633466720581,3.7577628972940147e-06,156.54800415039062,4.039005756378174,1.1310306945233606e-05,260.8030090332031,712.4885864257812,5.4539585107704625e-05,4.670828342437744,1.895927906036377,1.5200910638668574e-05,3.2988390922546387,715.814453125,8.520954906998668e-06,2.6501450538635254,-0.5801177024841309,3.432582161622122e-06
666,4.600383758544922,2.889646053314209,3.3412050015613204e-06,270.34429931640625,706.773681640625,2.642880644998513e-06,137.79612731933594,0.020151615142822266,8.036696272029076e-06,156.5745391845703,4.044801712036133,1.1002327482856344e-05,260.8030090332031,712.37744140625,0.0012194011360406876,4.670828342437744,1.895927906036377,8.641357271699235e-05,2.5537095069885254,3.9919958114624023,6.421321813832037e-06,2.5420618057250977,-1.2349114418029785,3.6299636576586636e-06
667,4.600383758544922,2.889646053314209,4.4050975702703e-06,270.34429931640625,711.1827392578125,1.4871112625769456e-06,137.79612731933594,0.020151615142822266,1.099207020160975e-05,156.54800415039062,4.044801712036133,6.107160152168944e-05,260.5408935546875,712.4885864257812,9.305049024987966e-05,263.3569641113281,716.037109375,1.979463195311837e-05,3.2988390922546387,714.2055053710938,1.4216503586794715e-05,2.6501450538635254,-1.217111587524414,9.882081940304488e-06
668,4.746835708618164,2.889646053314209,3.7997381241439143e-06,270.34429931640625,715.9340209960938,1.4943989299354143e-06,247.65145874023438,713.871826171875,6.662626219622325e-06,156.54800415039062,4.044801712036133,1.4365794413606636e-05,260.5408935546875,712.4885864257812,4.9699559895088896e-05,264.7593688964844,716.3262939453125,3.78692384401802e-05,155.1396484375,714.2055053710938,9.259180842491332e-06,3.3300204277038574,-0.5801177024841309,3.948769972339505e-06
669,4.746835708618164,2.889646053314209,3.928003934561275e-06,270.09564208984375,711.1827392578125,4.788591013493715e-06,137.7624969482422,1.0309617519378662,3.829284196399385e-06,156.07046508789062,4.044801712036133,9.707032404548954e-06,261.400146484375,712.37744140625,0.002766885096207261,263.3569641113281,716.037109375,4.62572970718611e-05,155.1396484375,3.926032066345215,8.698432793607935e-06,3.3300204277038574,-0.6039094924926758,3.002665152962436e-06
670,4.627915859222412,3.0083699226379395,2.9709965474467026e-06,270.09564208984375,711.1827392578125,3.0459505069302395e-06,137.7169189453125,1.0309617519378662,1.7260155800613575e-05,156.52761840820312,4.044801712036133,1.6975107428152114e-05,260.5408935546875,712.6641235351562,0.0010595032945275307,264.07305908203125,716.037109375,9.409555059392005e-05,260.76312255859375,714.2055053710938,9.648417290009093e-06,2.837235927581787,-1.217111587524414,5.930604402237805e-06
671,4.847527503967285,3.090947151184082,3.513306410241057e-06,268.1105651855469,711.1827392578125,1.6175508790183812e-06,246.9052734375,713.813232421875,4.992869435227476e-06,156.1464080810547,4.279343128204346,1.616240660951007e-05,261.400146484375,712.6641235351562,0.00013018728350289166,264.07305908203125,716.025634765625,2.718745599850081e-05,266.4002990722656,714.6243896484375,1.0892965292441659e-05,3.3300204277038574,-0.6039094924926758,3.865686267090496e-06
672,4.627915859222412,3.037562608718872,3.8026162201276748e-06,268.1105651855469,716.0045166015625,1.0761139037640532e-06,1.0621333122253418,1.2512640953063965,4.199956492811907e-06,156.49386596679688,4.290074348449707,8.009793418750633e-06,261.400146484375,712.6641235351562,9.706374839879572e-05,264.07305908203125,716.025634765625,2.375364420004189e-05,266.4002990722656,714.6243896484375,6.038273113517789e-06,2.837235927581787,-0.6039094924926758,3.8081764159869635e-06
673,4.627915859222412,3.0083699226379395,2.0336938177933916e-06,268.1105651855469,716.0045166015625,2.167694219679106e-06,1.0621333122253418,1.0309617519378662,7.12121118340292e-06,156.49386596679688,4.325218200683594,1.3486780517268926e-05,259.25762939453125,712.7401733398438,0.0015380203258246183,263.2082214355469,716.025634765625,0.00021469216153491288,261.2071533203125,714.3795776367188,1.0157319593417924e-05,2.837235927581787,-0.6039094924926758,7.832243682059925e-06
674,4.785498142242432,3.037562608718872,3.1208962809614604e-06,271.8509521484375,716.0045166015625,1.750723299664969e-06,137.5201873779297,1.2512640953063965,4.026514488941757e-06,156.52761840820312,4.325218200683594,1.0892445970966946e-05,259.25762939453125,712.7401733398438,0.0004474273300729692,264.07305908203125,716.298095703125,2.119278724421747e-05,266.4002990722656,714.6243896484375,6.046542239346309e-06,267.88568115234375,708.8816528320312,3.357450623298064e-06
675,4.785498142242432,3.037562608718872,3.99388454752625e-06,271.8509521484375,716.0045166015625,2.7443425096862484e-06,137.5201873779297,1.2512640953063965,6.878237854834879e-06,156.49386596679688,4.325218200683594,1.8198830730398186e-05,260.5050964355469,712.7401733398438,0.0007903490331955254,263.2082214355469,716.298095703125,2.608497925393749e-05,261.2071533203125,714.3795776367188,1.0668575669114944e-05,267.88568115234375,708.8816528320312,6.174937880132347e-06
676,4.785498142242432,3.037562608718872,5.350484116206644e-06,271.8509521484375,715.7919311523438,6.892400506330887e-06,137.27304077148438,0.3479633331298828,1.8373846614849754e-05,156.6331329345703,4.533279895782471,2.3892229364719242e-05,260.0505676269531,712.7401733398438,0.00011379464558558539,263.2082214355469,716.687255859375,4.69575788883958e-05,261.2071533203125,714.3795776367188,1.5198546861938667e-05,267.88568115234375,708.8816528320312,3.771991941903252e-06
677,268.5149230957031,715.0196533203125,3.1490712899540085e-06,271.7772521972656,715.7919311523438,1.0499173868083744e-06,137.27304077148438,0.30823850631713867,4.59140528619173e-06,156.6331329345703,4.533279895782471,1.1789668860728852e-05,260.5050964355469,712.5498046875,1.6932714061113074e-05,264.51153564453125,716.298095703125,1.4867107893223874e-05,265.21099853515625,714.3795776367188,4.995498784410302e-06,268.0875549316406,708.8816528320312,3.3640690162428655e-06
678,268.5149230957031,715.0196533203125,6.438423952204175e-06,270.9700622558594,715.4349365234375,6.644061159022385e-06,137.20037841796875,0.30823850631713867,1.01284258562373e-05,156.337890625,4.156495571136475,2.864932503143791e-05,260.5050964355469,712.5498046875,0.0029336947482079268,264.51153564453125,715.99560546875,0.00025193174951709807,265.21099853515625,713.7090454101562,2.683888487808872e-05,268.0875549316406,707.8251953125,8.184917533071712e-06
679,4.688180923461914,3.0981287956237793,6.509435934276553e-06,75.46599578857422,715.7919311523438,5.089645128464326e-06,136.9656219482422,0.30823850631713867,3.53745940628869e-06,156.337890625,4.352472305297852,1.0988757821905892e-05,260.5050964355469,713.4050903320312,0.002687412779778242,4.677595138549805,2.126748561859131,9.875725663732737e-05,74.70323944091797,711.00537109375,2.7632046112557873e-05,155.27223205566406,707.8251953125,1.9755216271732934e-05
680,4.673140048980713,3.0981287956237793,2.863661165974918e-06,75.46599578857422,715.7919311523438,1.0049750471807783e-06,0.6186342239379883,0.9629125595092773,3.4286038044228917e-06,156.73953247070312,4.156495571136475,1.3701881471206434e-05,260.2578125,712.8759765625,1.7881031453725882e-05,5.3166375160217285,2.183891534805298,1.5848427210585214e-05,74.70323944091797,711.00537109375,6.313647645583842e-06,75.7281494140625,707.8251953125,3.887216735165566e-06
681,4.673140048980713,3.084090232849121,3.928951628040522e-06,1.3261892795562744,-2.766193389892578,3.5883647342416225e-06,0.6186342239379883,0.9629125595092773,5.1808851821988355e-06,156.2212677001953,3.9991466999053955,9.01704788702773e-06,260.2578125,713.4050903320312,9.656908514443785e-05,5.047399520874023,2.126748561859131,1.4073114471102599e-05,2.8156089782714844,711.00537109375,5.0312330131419e-05,3.2268483638763428,-0.5171561241149902,0.0002627433277666569
682,4.673140048980713,3.084090232849121,6.4728569668659475e-06,1.2344028949737549,-2.766193389892578,1.971099436559598e-06,0.6186342239379883,0.9629125595092773,6.175084763526684e-06,156.32156372070312,3.9991466999053955,5.651521405525273e-06,258.930419921875,713.4050903320312,0.0001807157532311976,5.047399520874023,2.126748561859131,2.7127731300424784e-05,-1.7706751823425293,3.8846137523651123,7.787860340613406e-06,3.099471092224121,-0.6387801170349121,5.457470251712948e-06
683,4.719963073730469,3.084090232849121,4.001536126452265e-06,1.3261892795562744,-2.335293769836426,1.0574671023277915e-06,137.62481689453125,0.9652259349822998,4.283851012587547e-06,156.3272247314453,4.20192289352417,1.5544505004072562e-05,258.930419921875,712.8759765625,2.9651020668097772e-05,5.047399520874023,2.126748561859131,2.13297716982197e-05,-2.1482748985290527,4.247922420501709,6.032557394064497e-06,3.099471092224121,-0.6387801170349121,3.719396090673399e-06
684,4.719963073730469,2.980097532272339,3.766531563087483e-06,1.2344028949737549,-2.766193389892578,1.1295918511677883e-06,151.8928680419922,0.5129859447479248,5.227842393651372e-06,156.3272247314453,4.20192289352417,2.4170651158783585e-05,258.930419921875,712.7772216796875,5.194622281123884e-05,5.047399520874023,2.183891534805298,5.103300645714626e-05,-2.1482748985290527,3.8846137523651123,7.31961517885793e-06,3.099471092224121,-0.6387801170349121,4.907040874968516e-06
685,4.719963073730469,2.980097532272339,4.008285031886771e-06,1.2344028949737549,-2.335293769836426,1.7065771089619375e-06,151.8928680419922,0.5129859447479248,4.121032816328807e-06,156.3272247314453,4.255404949188232,6.624624347750796e-06,261.1024169921875,712.7772216796875,2.2999818611424416e-05,5.047399520874023,2.2707161903381348,1.894999877549708e-05,2.8156089782714844,4.247922420501709,6.062258762540296e-06,3.099471092224121,-0.6387801170349121,2.8415602173481602e-06
686,4.719963073730469,3.217881441116333,5.020610842620954e-06,293.1402587890625,707.1951293945312,1.5073107988428092e-06,152.71713256835938,0.8880739212036133,5.720556146115996e-06,156.505126953125,4.255404949188232,3.206983092240989e-05,261.1024169921875,712.7772216796875,2.559014865255449e-05,5.2533416748046875,2.2707161903381348,2.2384274416253902e-05,2.6643998622894287,4.247922420501709,6.48112745693652e-06,3.4515223503112793,-0.734553337097168,4.760801402881043e-06
687,4.513683319091797,3.3845510482788086,5.715779025194934e-06,293.1402587890625,707.5615234375,2.4319747353729326e-06,151.8928680419922,1.106461763381958,6.310818207566626e-06,156.52146911621094,4.255404949188232,1.5452675143023953e-05,261.78424072265625,712.4840087890625,0.0003101707552559674,5.2533416748046875,2.2707161903381348,4.1109437006525695e-05,169.29197692871094,714.138916015625,8.961608727986459e-06,3.4515223503112793,-0.5564007759094238,6.428796496038558e-06
688,4.430535316467285,3.3845510482788086,2.9633561098307837e-06,270.7327575683594,707.5615234375,8.832806202008214e-07,0.6498870849609375,0.8880739212036133,4.595312475430546e-06,156.52146911621094,4.12276554107666,9.726028110890184e-06,261.1024169921875,712.85107421875,7.311101217055693e-05,265.502197265625,715.9268798828125,1.3530633623304311e-05,169.29197692871094,714.138916015625,5.282786787574878e-06,3.4515223503112793,-0.5564007759094238,2.676450094440952e-06
689,4.26792573928833,3.3845510482788086,5.8523287407297175e-06,270.7327575683594,715.8803100585938,5.700406290998217e-06,0.6498870849609375,0.8880739212036133,7.5562711572274566e-06,156.52146911621094,4.12276554107666,1.5383082427433692e-05,261.78424072265625,712.85107421875,0.0004314042453188449,266.0519714355469,715.9767456054688,8.029348100535572e-05,266.6756896972656,714.138916015625,1.4968212781241164e-05,3.4515223503112793,-0.5564007759094238,6.386772383848438e-06
690,4.186309337615967,3.3845510482788086,3.923821623175172e-06,269.9997863769531,716.9649658203125,1.1657767799988505e-06,137.7815399169922,1.106461763381958,5.303275429469068e-06,156.505126953125,4.12276554107666,6.144226972537581e-06,260.933837890625,712.85107421875,5.2053532272111624e-05,265.502197265625,716.140380859375,2.643923471623566e-05,262.0037841796875,714.33349609375,6.048180239304202e-06,2.865189552307129,-0.734553337097168,4.71034718430019e-06
691,4.186309337615967,3.3601675033569336,3.3797841751948e-06,269.9997863769531,716.9649658203125,2.623914724608767e-06,137.7815399169922,1.106461763381958,5.505626631929772e-06,156.51881408691406,3.9888088703155518,1.6666863302816637e-05,264.097412109375,711.2140502929688,0.000705441867467016,267.5267028808594,716.2430419921875,9.559196041664109e-05,266.6756896972656,714.33349609375,9.016721378429793e-06,2.767904758453369,-0.8418426513671875,4.904852175968699e-06
692,4.430535316467285,3.3601675033569336,3.7179420360189397e-06,269.77838134765625,717.6297607421875,2.7036019218940055e-06,246.95724487304688,712.1239013671875,6.840675723651657e-06,156.51881408691406,4.279027462005615,1.0055156963062473e-05,264.6064147949219,711.5204467773438,0.001121650799177587,267.5267028808594,716.8069458007812,7.754268881399184e-05,267.5550231933594,714.33349609375,9.90801436273614e-06,2.865189552307129,-0.8418426513671875,4.451891982171219e-06
693,4.5535383224487305,3.322683095932007,4.161394826951437e-06,269.9295349121094,717.6297607421875,2.743110144365346e-06,246.95724487304688,712.1239013671875,1.047807472787099e-05,156.68115234375,4.343355655670166,1.1346508472342975e-05,264.6064147949219,711.5204467773438,0.0001168085727840662,267.1365661621094,716.8069458007812,2.2349890059558675e-05,268.4630432128906,714.80810546875,7.079804163367953e-06,3.2390055656433105,-0.8418426513671875,5.225987933954457e-06
694,4.5535383224487305,3.322683095932007,3.473687002042425e-06,269.77838134765625,716.0621337890625,5.914128905715188e-06,246.95724487304688,712.1239013671875,7.97883330960758e-06,156.51881408691406,4.343355655670166,2.6515792342252098e-05,260.90545654296875,712.7689208984375,0.0009672641754150391,267.1365661621094,716.8069458007812,0.0001236506359418854,268.46466064453125,714.80810546875,2.741539901762735e-05,2.865189552307129,-0.8418426513671875,1.285424514207989e-05
695,4.5535383224487305,3.3601675033569336,4.358799742476549e-06,269.9295349121094,716.0621337890625,3.825279691227479e-06,0.6939592361450195,1.4665639400482178,3.58318743565178e-06,156.68115234375,4.604145526885986,1.173515192931518e-05,264.3053894042969,711.5204467773438,0.000208895027753897,267.1365661621094,716.0358276367188,3.364690928719938e-05,268.46466064453125,714.9194946289062,8.324576810991857e-06,3.2390055656433105,-0.8396143913269043,3.7062984574731672e-06
696,4.429011344909668,3.719142198562622,3.5830851174978307e-06,269.9295349121094,716.5310668945312,1.2105408586648991e-06,0.6939592361450195,1.4665639400482178,4.096624707017327e-06,156.68115234375,4.604145526885986,1.5307308785850182e-05,260.90545654296875,712.507080078125,0.0003354939981363714,266.8374328613281,716.0358276367188,0.0003402659494895488,268.1026306152344,714.80810546875,1.1375980648153927e-05,3.2390055656433105,-0.8396143913269043,3.3264841476920992e-06
697,4.429011344909668,3.719142198562622,6.386486802512081e-06,270.4300537109375,716.5310668945312,6.160608791105915e-06,0.6939592361450195,1.4665639400482178,8.046145012485795e-06,156.68115234375,4.604145526885986,1.2561905350594316e-05,260.1602783203125,712.7689208984375,0.001064695417881012,266.5709228515625,716.0358276367188,0.00015208478725980967,268.1026306152344,714.5810546875,1.3613676856039092e-05,3.2390055656433105,-0.8396143913269043,1.0029997611127328e-05
698,4.429011344909668,3.854910135269165,2.941972752523725e-06,270.4410095214844,716.5310668945312,4.728106432594359e-06,248.26913452148438,708.946044921875,6.5876492953975685e-06,266.5096740722656,716.9688720703125,1.0092047887155786e-05,260.88592529296875,712.598876953125,0.0015961515018716455,266.08404541015625,716.2164306640625,0.00010643090354278684,265.75946044921875,714.3322143554688,1.4160122191242408e-05,75.53801727294922,708.6307983398438,3.2259110867016716e-06
699,269.8314514160156,714.2883911132812,3.4549343581602443e-06,272.1138916015625,716.7250366210938,3.94563812733395e-06,248.26913452148438,708.946044921875,6.806751571275527e-06,267.4707946777344,716.9688720703125,9.132669219980016e-06,260.1351623535156,712.598876953125,0.0003589795087464154,264.32647705078125,716.3552856445312,6.273986946325749e-05,265.1261291503906,714.3322143554688,1.4713842574565206e-05,75.53801727294922,708.6307983398438,1.4715148608956952e-05
700,269.8314514160156,714.2883911132812,8.998861630971078e-06,272.1138916015625,716.5310668945312,8.530101695214398e-06,248.26913452148438,708.946044921875,1.6571137166465633e-05,266.5096740722656,716.19482421875,1.1014778465323616e-05,260.1351623535156,712.636474609375,0.001048513688147068,264.08587646484375,716.3552856445312,3.084761556237936e-05,261.2969970703125,714.1905517578125,1.902949770737905e-05,3.101881504058838,-0.40558433532714844,9.710337508295197e-06
701,269.8314514160156,714.2883911132812,3.6758397072844673e-06,270.4300537109375,709.318603515625,4.665190772357164e-06,136.83169555664062,1.1658928394317627,4.215610715618823e-06,266.5096740722656,716.19482421875,6.613646746700397e-06,260.88592529296875,712.636474609375,0.0012679379433393478,264.08587646484375,716.2164306640625,5.2991981647210196e-05,75.65974426269531,712.2848510742188,1.0720795216911938e-05,3.101881504058838,-0.40558433532714844,3.981479039794067e-06
702,269.5621643066406,714.2883911132812,5.960713224339997e-06,272.42510986328125,707.4404296875,2.189618271586369e-06,136.83169555664062,1.1658928394317627,8.2218984971405e-06,266.5096740722656,715.7586059570312,9.417259207111783e-06,260.88592529296875,712.598876953125,5.079082984593697e-05,264.08587646484375,716.2164306640625,2.8424756237654947e-05,265.1261291503906,714.3322143554688,9.735633284435607e-06,3.101881504058838,-0.40558433532714844,7.471266144420952e-06
703,4.662495136260986,3.607450246810913,3.331869493194972e-06,1.7716882228851318,-2.0084638595581055,9.195682650897652e-07,0.6891818046569824,1.0498695373535156,5.497200163517846e-06,156.80084228515625,4.1371750831604,1.6799582226667553e-05,260.58258056640625,712.636474609375,5.685199357685633e-05,264.08587646484375,716.6686401367188,1.4947600902814884e-05,2.8835387229919434,714.6207885742188,5.077733931102557e-06,2.943105936050415,-0.7390332221984863,3.5167790883861016e-06
704,4.662495136260986,3.4621429443359375,3.821458903985331e-06,1.7716882228851318,-2.0084638595581055,3.800473677983973e-06,0.7195649147033691,1.0498695373535156,6.414185008907225e-06,156.60659790039062,4.004244804382324,9.494487130723428e-06,260.58258056640625,711.6255493164062,0.0019488539546728134,5.191688537597656,2.3857028484344482,6.120814941823483e-05,2.819887161254883,715.2739868164062,7.870806257415097e-06,2.943105936050415,-0.8814635276794434,6.236290118977195e-06
705,4.662495136260986,3.165957450866699,4.272920250514289e-06,1.4643914699554443,-2.5011229515075684,1.3139517704985337e-06,0.8638837337493896,1.0498695373535156,4.672831437346758e-06,156.60659790039062,4.128474712371826,9.19419926503906e-06,260.58258056640625,711.6255493164062,0.0005583098973147571,264.45654296875,717.0470581054688,3.2505515264347196e-05,2.8835387229919434,716.5350952148438,7.274750259966822e-06,2.943105936050415,-0.8814635276794434,4.676562184613431e-06
706,4.433359146118164,3.165957450866699,4.3036043280153535e-06,1.389784336090088,-2.5011229515075684,1.0014733788921149e-06,0.8638837337493896,1.0498695373535156,4.208464815746993e-06,156.39462280273438,4.128474712371826,1.9420182070462033e-05,260.58258056640625,713.1414184570312,1.893148510134779e-05,264.45654296875,717.0470581054688,1.569776577525772e-05,155.60153198242188,716.5350952148438,9.104824130190536e-06,3.2282328605651855,-0.46198225021362305,3.5325842873135116e-06
707,4.433359146118164,3.165957450866699,4.34975618190947e-06,1.389784336090088,-2.5011229515075684,1.5408396620841813e-06,0.8638837337493896,1.0498695373535156,5.325707206793595e-06,156.39462280273438,4.128474712371826,7.838790224923287e-06,260.69927978515625,713.1414184570312,0.0005212928517721593,264.45654296875,716.62841796875,2.7598918677540496e-05,155.60153198242188,716.5350952148438,5.771209998783888e-06,3.2282328605651855,-0.46198225021362305,4.501740932028042e-06
708,5.135540008544922,3.3846302032470703,3.086090146098286e-06,255.28421020507812,717.3223876953125,9.155298812402179e-07,152.4062042236328,0.9450235366821289,6.320219654298853e-06,156.59361267089844,4.191415309906006,5.848369255545549e-05,261.6160583496094,713.1414184570312,1.5500108929700218e-05,265.7210998535156,716.158935546875,1.3795154700346757e-05,266.69500732421875,716.5350952148438,6.530414793814998e-06,155.4140167236328,1.2931709289550781,5.181685992283747e-06
709,5.147322654724121,3.3846302032470703,1.0827539881574921e-05,271.0511474609375,716.4871826171875,1.0980514161929023e-05,152.6128692626953,1.646838903427124,4.9798545660451055e-06,156.59361267089844,4.191415309906006,2.0603549273801036e-05,261.6160583496094,713.1414184570312,0.005416066851466894,266.601318359375,716.62841796875,0.00025759567506611347,274.56842041015625,716.7122802734375,2.5520839699311182e-05,155.4140167236328,1.2931709289550781,2.1842995920451358e-05
710,268.2068176269531,701.4769897460938,4.73741783935111e-06,271.0511474609375,717.0613403320312,3.967720203945646e-06,247.8170623779297,711.1190185546875,6.350416697387118e-06,156.84442138671875,4.442860126495361,3.783801366807893e-05,261.6160583496094,712.9953002929688,0.00023745748330838978,265.7210998535156,716.62841796875,0.005449636373668909,266.9504699707031,715.1908569335938,0.00011677192378556356,268.5160217285156,708.2354736328125,9.165930350718554e-06
711,268.2068176269531,715.4358520507812,3.7114521092007635e-06,271.0511474609375,717.0613403320312,1.9744802557397634e-06,248.3675079345703,713.0861206054688,7.057739821902942e-06,156.84442138671875,4.687168598175049,1.268155210709665e-05,260.34228515625,712.1873779296875,3.7229216104606166e-05,265.7210998535156,716.62841796875,1.8542745237937197e-05,275.3980407714844,715.1908569335938,4.730727141577518e-06,268.71295166015625,708.9107666015625,3.07382151731872e-06
712,267.7994689941406,715.4358520507812,6.782309810660081e-06,270.9476013183594,717.0613403320312,1.4660785382147878e-05,247.8170623779297,711.1190185546875,1.578341834829189e-05,156.84442138671875,4.416821002960205,3.354751970618963e-05,260.34228515625,712.1873779296875,0.006495063193142414,267.3474426269531,716.8079223632812,0.0009338969248346984,275.3980407714844,716.4744262695312,5.198442886467092e-05,268.71295166015625,708.9107666015625,2.9644517780980095e-05
713,5.147322654724121,3.497600793838501,9.68462791206548e-06,270.2578125,716.4871826171875,1.6795833289506845e-05,247.8170623779297,711.1190185546875,1.1419000657042488e-05,156.84442138671875,4.4310784339904785,2.877303268178366e-05,260.1014099121094,712.1873779296875,0.007256272714585066,265.2485656738281,716.8079223632812,0.0007876986055634916,266.9504699707031,715.1908569335938,4.025241287308745e-05,155.55255126953125,1.7957944869995117,1.0122082130692434e-05
714,4.773176670074463,3.497600793838501,3.2785874282126315e-06,270.2578125,715.82275390625,1.1907779935427243e-06,247.8170623779297,713.6036987304688,6.5323279159201775e-06,156.63197326660156,4.538352012634277,2.5054123398149386e-05,259.985107421875,712.1873779296875,0.00012796084047295153,263.278564453125,715.9852905273438,2.9299993911990896e-05,261.5685729980469,715.1908569335938,8.245140634244308e-06,155.55255126953125,1.7957944869995117,5.116904958413215e-06
715,4.655404567718506,3.2909770011901855,3.2180603284359677e-06,270.1028137207031,715.7303466796875,9.95969116956985e-07,152.763916015625,0.16425561904907227,4.663032996177208e-06,156.6052703857422,4.4310784339904785,2.236174259451218e-05,259.53619384765625,712.1873779296875,3.258913056924939e-05,263.278564453125,715.9852905273438,1.4620978618040681e-05,261.5685729980469,715.4172973632812,5.477105787576875e-06,155.41030883789062,1.6882984638214111,3.5566833958000643e-06
716,4.566589832305908,2.957535982131958,3.4547897485026624e-06,270.087646484375,715.7096557617188,1.3967601262265816e-06,152.27066040039062,0.16425561904907227,7.313258720387239e-06,156.5266876220703,4.416821002960205,1.9175344277755357e-05,259.985107421875,712.73779296875,0.0014071346959099174,260.0938720703125,713.124755859375,2.1935951735940762e-05,155.7236785888672,715.4172973632812,7.715098035987467e-06,2.8647220134735107,-0.6872901916503906,3.985107014159439e-06
717,4.326608657836914,2.7527267932891846,4.68409234599676e-06,270.087646484375,715.7096557617188,1.84003920367104e-06,137.2755126953125,0.16425561904907227,5.183959729038179e-06,156.5266876220703,3.984074592590332,1.4133300282992423e-05,259.8984680175781,712.9771118164062,0.0006300209788605571,260.0938720703125,713.124755859375,7.624957652296871e-05,261.5685729980469,715.4172973632812,1.1457736036390997e-05,2.8647220134735107,-0.6872901916503906,4.985684881830821e-06
718,4.566589832305908,2.957535982131958,4.8252372835122515e-06,270.1255798339844,715.82275390625,2.546476480347337e-06,137.2755126953125,0.13244295120239258,7.981107955856714e-06,156.45008850097656,3.984074592590332,2.4915734684327617e-05,259.8984680175781,712.7594604492188,5.947025420027785e-05,265.65228271484375,716.6996459960938,2.6680896553443745e-05,262.2003173828125,715.588134765625,1.2169675756013021e-05,2.8647220134735107,-0.6872901916503906,6.921377007529372e-06
719,4.566589832305908,2.957535982131958,2.6098293801624095e-06,270.1255798339844,716.1781005859375,1.0511015489100828e-06,137.2755126953125,0.09015250205993652,2.8652593755396083e-06,156.45008850097656,3.984074592590332,1.0108364222105592e-05,260.52532958984375,712.7594604492188,6.97065843269229e-05,265.65228271484375,716.6996459960938,3.4171567676821724e-05,266.9990539550781,715.4172973632812,8.867421456670854e-06,268.1719665527344,709.2943115234375,3.3317896850348916e-06
720,4.633389472961426,2.8991189002990723,3.3396536309737712e-06,270.1255798339844,716.7103271484375,3.3930930385395186e-06,137.4808807373047,0.13244295120239258,6.004427632433362e-06,156.38832092285156,3.9585607051849365,2.8943906727363355e-05,260.52532958984375,712.7594604492188,0.0010642263805493712,265.0921325683594,716.6996459960938,0.00016422600310761482,266.9990539550781,715.3099975585938,1.1519859981490299e-05,268.1719665527344,709.2943115234375,8.3684590208577e-06
721,4.862371444702148,3.1741271018981934,6.171075256133918e-06,271.0383605957031,716.7103271484375,7.343541710724821e-06,137.73814392089844,0.13244295120239258,5.233424417383503e-06,156.59390258789062,3.9862987995147705,1.9944458472309634e-05,259.8984680175781,712.7594604492188,0.000995378359220922,265.0921325683594,717.101806640625,0.00011341311619617045,266.9990539550781,715.6444091796875,2.215345375589095e-05,268.1719665527344,709.2943115234375,5.954321295575937e-06
722,4.862371444702148,3.1741271018981934,2.8119982289354084e-06,271.0383605957031,717.36865234375,1.4393358469533268e-06,137.73814392089844,0.13244295120239258,6.0330926316964906e-06,156.65533447265625,4.044501781463623,7.196871592896059e-06,260.52532958984375,712.6912231445312,0.0007262362632900476,265.0921325683594,716.6996459960938,3.1119005143409595e-05,266.7600402832031,715.42431640625,6.24456242803717e-06,268.2740173339844,708.338134765625,2.497678224244737e-06
723,4.987578392028809,2.8991189002990723,3.405700908842846e-06,270.22271728515625,716.7103271484375,1.5850549743845477e-06,137.73814392089844,0.16361165046691895,4.227600129524944e-06,156.65533447265625,4.044501781463623,1.7334717995254323e-05,260.52532958984375,712.6912231445312,4.472976070246659e-05,264.4394836425781,716.5567626953125,2.51205619861139e-05,265.7797546386719,715.3099975585938,1.1170089237566572e-05,3.2024385929107666,-0.9577198028564453,4.104563686269103e-06
724,4.987578392028809,2.8991189002990723,5.030479314882541e-06,254.43148803710938,717.6209716796875,1.1802751032519154e-05,152.5846405029297,0.6569595336914062,6.213073447725037e-06,156.65533447265625,3.9862987995147705,1.8003216609940864e-05,259.4019775390625,712.0105590820312,0.0015277344500645995,264.3515625,716.5567626953125,0.00017241545720025897,260.252685546875,713.7308959960938,2.529639095882885e-05,3.2024385929107666,-1.3922133445739746,1.1934385838685557e-05
725,4.987578392028809,3.064046859741211,3.4779297948261956e-06,254.43148803710938,714.299072265625,8.556871762266383e-07,137.69837951660156,0.6569595336914062,3.747130904230289e-06,156.65533447265625,3.9862987995147705,1.6764934116508812e-05,260.8191833496094,712.0105590820312,5.250736649031751e-05,264.3515625,716.1139526367188,1.6516105461050756e-05,260.252685546875,713.7308959960938,5.004807007935597e-06,3.1643331050872803,-0.9577198028564453,3.0263220196502516e-06
726,4.6863508224487305,3.064046859741211,2.506265673218877e-06,254.43148803710938,716.513671875,4.0552586142439395e-06,0.9995901584625244,0.9126615524291992,4.824294137506513e-06,156.571044921875,4.059844017028809,3.502601202853839e-06,260.8191833496094,712.0105590820312,0.004817299544811249,264.350830078125,716.1139526367188,4.19947573391255e-05,170.40231323242188,4.44971227645874,4.961451850249432e-06,2.9775636196136475,-0.8240880966186523,1.4261477190302685e-06
727,5.0035080909729,3.177849769592285,3.6224246287019923e-06,254.43148803710938,714.0994262695312,1.2579267831824836e-06,0.9995901584625244,1.27805757522583,4.677624019677751e-06,156.51210021972656,4.009129047393799,8.365866051462945e-06,260.8191833496094,712.5958251953125,0.00011036633077310398,264.350830078125,715.6464233398438,1.9279312255093828e-05,170.40231323242188,4.44971227645874,7.621485565323383e-06,2.9775636196136475,-0.8240880966186523,5.058038823335664e-06
728,4.889760971069336,3.434593677520752,4.243118382873945e-06,272.90960693359375,715.657958984375,3.7284592053765664e-06,250.24351501464844,710.402587890625,5.373628937377362e-06,156.40972900390625,4.009129047393799,1.2553845408547204e-05,261.325439453125,711.021728515625,0.0013037067838013172,264.350830078125,715.6464233398438,2.2286953026195988e-05,260.252685546875,713.7308959960938,8.961052117228974e-06,3.3959715366363525,-0.8240880966186523,5.032806257077027e-06
729,4.273247718811035,3.434593677520752,6.754219612048473e-06,272.90960693359375,715.657958984375,3.2906971227930626e-06,296.043701171875,710.402587890625,7.910756721685175e-06,156.2622528076172,4.009129047393799,1.1677089787553996e-05,265.64141845703125,711.021728515625,0.00032255364931188524,5.159419059753418,2.1227145195007324,7.44116841815412e-05,170.40231323242188,3.583749532699585,1.1552556316019036e-05,2.9775636196136475,-0.8240880966186523,3.5616185414255597e-06
730,4.889760971069336,3.434593677520752,2.8152639970357995e-06,272.90960693359375,716.513671875,1.4656624216513592e-06,296.043701171875,710.402587890625,1.0148256478714757e-05,156.40972900390625,4.059844017028809,8.479320968035609e-06,261.325439453125,712.45703125,4.316247213864699e-05,264.350830078125,715.6464233398438,9.147130185738206e-06,170.40231323242188,714.3358154296875,5.3286898946680594e-06,3.3959715366363525,-0.8240880966186523,2.632813220770913e-06
731,4.889760971069336,3.434593677520752,3.837568328890484e-06,271.2950744628906,717.00341796875,1.3933662330600782e-06,296.043701171875,710.402587890625,6.141427093098173e-06,156.36874389648438,4.19356107711792,9.691770173958503e-06,261.325439453125,712.45703125,3.741728869499639e-05,265.00140380859375,715.3851318359375,1.9219081877963617e-05,72.04767608642578,715.3958129882812,5.835297088196967e-06,73.31922912597656,708.458984375,4.3237910176685546e-06
732,4.889760971069336,3.434593677520752,2.269445758429356e-06,271.2950744628906,717.2009887695312,2.314590574314934e-06,137.9059600830078,1.257826328277588,5.537568540603388e-06,156.36874389648438,4.342534065246582,1.7194473912240937e-05,260.8461608886719,711.9932861328125,0.0003738510131370276,265.00140380859375,715.3851318359375,4.759378862218e-05,72.04767608642578,715.1141357421875,3.952670522266999e-05,73.31922912597656,708.458984375,3.8455851608887315e-05
733,4.273247718811035,3.2445154190063477,4.202957825327758e-06,269.76190185546875,717.2009887695312,3.928483238269109e-06,0.7319512367248535,1.024885892868042,4.411471309140325e-06,156.40867614746094,4.342534065246582,1.2768171472998802e-05,260.8461608886719,711.9932861328125,0.0008500402327626944,265.00140380859375,715.3851318359375,6.333800411084667e-05,2.1645121574401855,714.3358154296875,1.5601444829371758e-05,73.31922912597656,708.458984375,4.5475485421775375e-06
734,5.1395368576049805,3.227792263031006,4.5922197386971675e-06,268.84039306640625,717.2828369140625,4.061384970555082e-06,0.7319512367248535,0.5543434619903564,5.5297846301982645e-06,156.40867614746094,4.342534065246582,1.648587749514263e-05,260.8461608886719,711.9932861328125,0.002623825566843152,265.1841125488281,716.1930541992188,8.854315092321485e-05,3.0424141883850098,715.1141357421875,1.091271133191185e-05,155.71841430664062,708.458984375,7.530445600423263e-06
735,4.065483570098877,3.2445154190063477,3.389008725207532e-06,270.7130432128906,717.00341796875,1.033024091157131e-06,0.6032299995422363,1.024885892868042,3.955550710088573e-06,156.40867614746094,4.322750568389893,1.3669696272700094e-05,260.8461608886719,711.9932861328125,3.1918280001264066e-05,265.00140380859375,715.3851318359375,1.461831561755389e-05,2.1645121574401855,715.1141357421875,6.1584355535160284e-06,155.71841430664062,1.0264217853546143,4.042889941047179e-06
736,4.266448020935059,3.227792263031006,2.9211498713266337e-06,270.7130432128906,716.1725463867188,1.3795280437989277e-06,0.41825413703918457,0.5543434619903564,5.459125077322824e-06,156.47927856445312,4.322750568389893,3.5449062124826014e-05,265.79168701171875,711.53955078125,0.00035950884921476245,265.1841125488281,716.1930541992188,8.498955867253244e-05,3.0424141883850098,715.1141357421875,7.359196843026439e-06,2.9751739501953125,-0.7981433868408203,3.711176304932451e-06
737,4.266448020935059,3.227792263031006,3.4059869449265534e-06,270.7130432128906,715.6123046875,1.2537195743789198e-06,0.6032299995422363,0.4955863952636719,4.201783667667769e-06,156.47927856445312,4.1197285652160645,7.068510058161337e-06,265.79168701171875,711.53955078125,9.628843690734357e-05,262.59014892578125,716.505615234375,1.89983838936314e-05,3.0424141883850098,715.9022827148438,4.945947239320958e-06,2.9751739501953125,-0.9007863998413086,3.596833948904532e-06
738,4.642460346221924,3.4848573207855225,4.159986474405741e-06,272.4566345214844,715.6123046875,2.471938842063537e-06,0.5259571075439453,0.4955863952636719,4.374211130198091e-06,156.536376953125,4.322750568389893,8.691989023645874e-06,265.4534606933594,711.8668212890625,0.00022576478659175336,264.7815856933594,716.505615234375,5.8622674259822816e-05,261.5936584472656,715.9022827148438,1.1329716471664142e-05,3.0462136268615723,-0.7981433868408203,4.387401077110553e-06
739,4.266448020935059,3.4848573207855225,4.808387529919855e-06,272.4566345214844,715.3880615234375,2.651084741955856e-06,0.5259571075439453,0.4955863952636719,5.856946245330619e-06,156.536376953125,4.339029788970947,1.2729764421237633e-05,259.5715026855469,711.8668212890625,0.00018668176198843867,262.59014892578125,715.8787841796875,3.90650711779017e-05,261.5936584472656,713.4406127929688,9.547321496938821e-06,3.0462136268615723,-0.7981433868408203,4.555240138870431e-06
740,4.266448020935059,3.4848573207855225,7.238308171508834e-06,272.4566345214844,715.3880615234375,2.6163309030380333e-06,0.5259571075439453,0.4955863952636719,3.279907105024904e-06,266.5747375488281,716.439208984375,8.67186190589564e-06,259.5715026855469,711.8668212890625,0.00035353630664758384,264.7815856933594,716.259521484375,4.261116191628389e-05,265.18963623046875,715.9022827148438,9.487425813858863e-06,3.0462136268615723,-0.9102482795715332,1.0217261660727672e-05
741,4.352385520935059,3.4848573207855225,2.6145899028051645e-06,269.6356506347656,715.02392578125,9.849254638538696e-07,0.9625003337860107,0.5413908958435059,5.643658369081095e-06,156.474853515625,4.339029788970947,3.826963438768871e-05,259.5715026855469,712.5819091796875,1.3529563148040324e-05,262.59014892578125,715.8787841796875,1.6893874999368563e-05,261.5936584472656,713.4406127929688,6.424323146347888e-06,3.0462136268615723,-0.9102482795715332,3.869485226459801e-06
742,4.174328327178955,3.6800649166107178,3.5963473692390835e-06,269.6356506347656,715.02392578125,5.379622962209396e-06,0.9625003337860107,0.5413908958435059,5.380453785619466e-06,156.474853515625,4.339029788970947,6.24862514086999e-06,260.7773742675781,711.8668212890625,0.0007114560576155782,4.866022109985352,2.201845645904541,0.0001225474989041686,155.52700805664062,713.4406127929688,1.356996926915599e-05,2.837538719177246,-0.9500846862792969,5.183010671316879e-06
743,4.174328327178955,3.6800649166107178,4.304236426833086e-06,269.6356506347656,715.3567504882812,1.3095883559799404e-06,137.6545867919922,0.5491268634796143,5.193380729906494e-06,156.474853515625,4.251019477844238,1.705381873762235e-05,260.566650390625,711.3640747070312,2.8293185096117668e-05,4.866022109985352,2.201845645904541,1.7449792721890844e-05,155.52700805664062,714.6633911132812,4.72701958642574e-06,2.837538719177246,-0.9500846862792969,4.192477263131877e-06
744,4.352385520935059,3.847330331802368,3.9499868762504775e-06,270.8298034667969,715.3567504882812,1.1383698392819497e-06,0.9625003337860107,1.2729783058166504,5.272197540762136e-06,156.474853515625,3.908904790878296,1.656317363085691e-05,260.7773742675781,712.5819091796875,0.0001480949722463265,265.1275939941406,715.031982421875,1.684552989900112e-05,3.062699317932129,714.6633911132812,7.91601723904023e-06,2.553128719329834,-0.9500846862792969,4.782894848176511e-06
745,4.960771083831787,3.6800649166107178,3.930435923393816e-06,270.8298034667969,715.3567504882812,8.0401459854329e-06,137.6545867919922,1.3899452686309814,5.646630143019138e-06,156.474853515625,3.908904790878296,1.0206471415585838e-05,260.7773742675781,713.0778198242188,0.0033259843476116657,265.1275939941406,715.031982421875,9.169129771180451e-05,3.062699317932129,714.6633911132812,1.0038744221674278e-05,2.837538719177246,-0.855982780456543,4.4632042772718705e-06
746,4.960771083831787,3.6800649166107178,6.107044100644998e-06,287.26495361328125,715.3567504882812,1.5992504813766573e-06,137.6545867919922,1.2729783058166504,3.098807155765826e-06,156.44342041015625,3.850496292114258,5.674377007380826e-06,261.1453552246094,713.0778198242188,0.00013631771435029805,265.1275939941406,715.031982421875,2.3682034225203097e-05,266.8195495605469,716.0728759765625,5.338695245882263e-06,3.1176352500915527,-0.855982780456543,2.8801023290725425e-06
747,4.960771083831787,3.289210319519043,3.9871520129963756e-06,270.8298034667969,715.14501953125,2.009582885875716e-06,137.04629516601562,1.2729783058166504,4.3394347812864e-06,156.5271759033203,3.908904790878296,5.750657237513224e-06,260.566650390625,713.0778198242188,0.0002722311473917216,265.1275939941406,715.031982421875,6.566621595993638e-05,266.8195495605469,714.6633911132812,6.587297320947982e-06,3.1176352500915527,-0.855982780456543,3.141629576930427e-06
748,4.960771083831787,3.289210319519043,2.8855815799033735e-06,270.2345886230469,715.14501953125,7.028334607639408e-07,137.04629516601562,1.2729783058166504,2.8718084195133997e-06,156.5271759033203,4.17119836807251,1.134761350840563e-05,261.1453552246094,713.0778198242188,2.525878335291054e-05,265.4452209472656,715.9168701171875,1.1516411177581176e-05,267.502197265625,714.8110961914062,8.36506842460949e-06,3.1176352500915527,-0.855982780456543,2.521676833566744e-06
749,4.960771083831787,3.289210319519043,6.802793450333411e-06,270.2345886230469,714.3528442382812,2.6433394850755576e-06,137.04629516601562,1.3713135719299316,9.570941074343864e-06,156.5271759033203,4.17119836807251,1.673788756306749e-05,261.60589599609375,711.2189331054688,3.0230974516598508e-05,265.4452209472656,715.1446533203125,3.3672295103315264e-05,267.502197265625,714.8110961914062,1.2193466318421997e-05,3.1176352500915527,-0.9023308753967285,7.084707249305211e-06
750,5.0709404945373535,3.289210319519043,3.181932697771117e-05,269.60137939453125,714.3528442382812,5.202077954891138e-05,137.04629516601562,0.37471628189086914,2.428376865282189e-05,156.5271759033203,3.907947540283203,4.346834248281084e-05,265.18896484375,711.2189331054688,0.01835424080491066,265.9319152832031,715.1446533203125,0.0007835866417735815,267.502197265625,714.8110961914062,0.00011600913421716541,3.1176352500915527,-0.9023308753967285,9.378863614983857e-05
751,5.0709404945373535,3.289210319519043,6.006105650158133e-06,269.1702575683594,714.3528442382812,2.387057065789122e-06,151.9679412841797,0.37471628189086914,5.972839062451385e-06,156.62225341796875,4.17119836807251,1.0424173524370417e-05,265.18896484375,711.2189331054688,0.0003516358556225896,267.5290832519531,715.9168701171875,3.757110971491784e-05,155.29571533203125,4.034250736236572,7.479436135326978e-06,2.7981865406036377,-0.9023308753967285,4.657952558773104e-06
752,5.0709404945373535,2.9258065223693848,3.2052730603027157e-06,269.1702575683594,714.3528442382812,2.7827040867123287e-06,152.73443603515625,1.3713135719299316,5.554185918299481e-06,156.62225341796875,4.081805229187012,3.239275247324258e-05,265.18896484375,712.1542358398438,0.0004916093894280493,267.5290832519531,716.7568969726562,0.0001302205491811037,155.330810546875,4.034250736236572,1.1026739230146632e-05,2.8570947647094727,-0.9023308753967285,5.126165433466667e-06
753,4.326431751251221,2.9258065223693848,3.1100307751330547e-06,269.1702575683594,714.3528442382812,1.4487735597867868e-06,152.71070861816406,0.28460240364074707,4.918956165056443e-06,156.5576934814453,4.081805229187012,2.5369274226250127e-05,260.51226806640625,712.380615234375,7.956382614793256e-05,266.0764465332031,716.7568969726562,1.7695094356895424e-05,155.330810546875,3.976308822631836,7.6237170105741825e-06,2.8570947647094727,-0.9023308753967285,3.7527240692725172e-06
754,4.326431751251221,2.876131534576416,4.6926770664867945e-06,269.1702575683594,717.178466796875,1.4392535376828164e-06,152.71070861816406,0.28460240364074707,6.425388619391015e-06,156.5576934814453,4.171201229095459,2.5825209377217107e-05,260.51226806640625,713.0157470703125,0.0003009449574165046,266.0764465332031,716.7568969726562,4.721257573692128e-05,169.8859100341797,3.976308822631836,7.960196853673551e-06,155.66893005371094,1.7642314434051514,4.774568878929131e-06
755,4.326431751251221,2.9258065223693848,2.347318741158233e-06,269.5384826660156,716.7904663085938,1.3930207387602422e-06,152.71070861816406,0.5190351009368896,7.564728548459243e-06,156.35243225097656,4.171201229095459,6.656965706497431e-05,260.51226806640625,713.0157470703125,0.00025967194233089685,266.0764465332031,715.9603881835938,1.8102951798937283e-05,169.8859100341797,3.976308822631836,7.601937795698177e-06,155.66893005371094,1.7642314434051514,6.265936463023536e-06
756,4.8269758224487305,3.191988706588745,3.6523017570289085e-06,269.5384826660156,717.178466796875,1.7206328948304872e-06,152.71070861816406,0.5190351009368896,4.009190888609737e-06,156.33779907226562,4.293613910675049,9.950473213393707e-06,261.3312072753906,712.380615234375,0.0003233180905226618,266.0764465332031,715.9603881835938,2.6664132747100666e-05,265.5010681152344,714.081787109375,1.4450876733462792e-05,267.54400634765625,708.2872314453125,8.52836910780752e-06
757,4.8269758224487305,3.191988706588745,6.2464564507536124e-06,269.5384826660156,717.4087524414062,1.0057420695375185e-05,152.71070861816406,0.5190351009368896,6.345016572595341e-06,156.2315216064453,4.293613910675049,1.633378087717574e-05,261.3312072753906,712.0181274414062,0.0018106151837855577,267.60614013671875,715.7984008789062,0.00034186409902758896,268.2817687988281,715.1035766601562,1.9212924598832615e-05,267.54400634765625,708.2872314453125,1.2910856639791746e-05
758,268.557373046875,716.1602172851562,3.1872916679276386e-06,269.5384826660156,717.3961791992188,3.3375490602338687e-06,137.90716552734375,0.5190351009368896,1.3649948414240498e-05,156.2315216064453,4.293613910675049,5.569478162215091e-05,264.79034423828125,710.8004760742188,0.00035460753133520484,267.60614013671875,715.9603881835938,7.424065552186221e-05,268.2817687988281,715.1035766601562,1.5792573321959935e-05,268.255126953125,708.5440063476562,1.2561305993585847e-05
759,268.557373046875,716.1602172851562,3.2066579933598405e-06,269.5384826660156,717.3961791992188,1.8536024981585797e-06,248.12176513671875,709.4641723632812,5.572123427555198e-06,156.2346649169922,3.911982536315918,1.816637086449191e-05,264.79034423828125,710.8004760742188,0.0005154273239895701,267.60614013671875,716.0601196289062,0.00011421220551710576,268.2817687988281,715.1082763671875,7.279546025529271e-06,268.255126953125,708.2872314453125,3.4372203572274884e-06
760,5.307417869567871,3.0280308723449707,3.881727025145665e-06,269.53521728515625,717.3961791992188,6.078531896491768e-06,137.90716552734375,0.09673810005187988,4.569224074657541e-06,156.2346649169922,4.40980339050293,1.9890039766323753e-05,261.4406433105469,711.6829833984375,0.0006157998577691615,265.68817138671875,716.0601196289062,4.3991327402181923e-05,266.7490234375,715.1082763671875,1.209080346598057e-05,155.57662963867188,1.639354944229126,1.0222193850495387e-05
761,5.307417869567871,2.910367488861084,2.8768740776285995e-06,271.3215637207031,716.5372314453125,2.183027390856296e-06,248.12176513671875,709.4641723632812,5.17360285812174e-06,156.2346649169922,4.020859241485596,1.3315579053596593e-05,261.4406433105469,711.6829833984375,0.0007410583784803748,264.6379089355469,714.93212890625,2.279779982927721e-05,266.5201110839844,714.2167358398438,4.253769930073759e-06,3.518873453140259,-1.0293664932250977,2.8779170406778576e-06
762,5.307417869567871,2.910367488861084,3.2498144264536677e-06,271.73565673828125,711.275390625,1.077194156096084e-06,137.6096649169922,0.09673810005187988,5.358271664590575e-06,156.3177490234375,4.053523540496826,2.7763007892644964e-05,261.4406433105469,711.2655029296875,2.4713359380257316e-05,5.14501428604126,2.002760410308838,1.750529554556124e-05,169.9488525390625,4.196952819824219,7.308747626666445e-06,3.518873453140259,-1.0293664932250977,5.857264568476239e-06
763,5.307417869567871,2.910367488861084,2.9053665002720663e-06,271.73565673828125,711.275390625,9.517517582935398e-07,296.2617492675781,709.4641723632812,3.045151515834732e-06,156.4250946044922,4.053523540496826,9.906454579322599e-06,261.02178955078125,711.6829833984375,4.4335323764244094e-05,5.14501428604126,2.002760410308838,1.552235880808439e-05,169.9488525390625,4.196952819824219,4.936235654895427e-06,3.518873453140259,-1.0293664932250977,2.7343992314854404e-06
764,5.26732873916626,3.0280308723449707,3.856528564938344e-06,270.4815979003906,707.262451171875,1.4051693142391741e-06,137.79884338378906,0.09673810005187988,4.03657577408012e-06,156.43011474609375,4.286191940307617,1.4008479411131702e-05,261.4406433105469,712.2740478515625,8.118163532344624e-05,5.14501428604126,2.002760410308838,1.3955064787296578e-05,155.5167694091797,4.002659797668457,4.479091785469791e-06,3.518873453140259,-0.6051335334777832,3.254941475461237e-06
765,5.26732873916626,3.3117823600769043,1.0390884199296124e-05,270.4815979003906,707.262451171875,1.4589040802093223e-05,137.79884338378906,1.5791914463043213,1.7253179976250976e-05,156.43011474609375,4.080875396728516,1.5723237083875574e-05,261.02178955078125,711.2655029296875,0.0028857735451310873,5.1500563621521,2.2008535861968994,0.0001523922401247546,155.5167694091797,4.196952819824219,1.7968124666367657e-05,3.433464527130127,-0.6607341766357422,1.2333761333138682e-05
766,4.585669994354248,3.3117823600769043,4.47578258899739e-06,1.3765428066253662,-2.5725059509277344,1.2647786888919654e-06,137.79884338378906,1.5791914463043213,5.237748155195732e-06,156.55194091796875,4.080875396728516,1.4870553968648892e-05,260.3634338378906,711.2655029296875,9.052582026924938e-05,5.224312782287598,2.2008535861968994,2.00759204744827e-05,-1.4560418128967285,4.384611129760742,6.832629878772423e-06,3.414313316345215,-0.6051335334777832,4.779234132001875e-06
767,4.585669994354248,3.456554651260376,3.4679869713727385e-06,1.3765428066253662,-2.5725059509277344,1.1058868949476164e-06,265.86962890625,710.247802734375,4.33723425885546e-06,156.74853515625,4.286191940307617,3.0640082968602655e-06,261.02178955078125,710.5499877929688,2.0179571947664954e-05,5.594104766845703,2.455242872238159,1.818732744141016e-05,-1.4560418128967285,4.519154071807861,5.5250343393709045e-06,3.433464527130127,-0.16144084930419922,3.4297420370421605e-06
768,4.585669994354248,3.3117823600769043,3.5097798445349326e-06,1.3765428066253662,-2.5725059509277344,1.0366094329583575e-06,265.1481018066406,710.247802734375,3.380728685442591e-06,156.43011474609375,4.086205005645752,5.786276688013459e-06,261.5090637207031,710.5499877929688,1.5758767403895035e-05,5.594104766845703,2.455242872238159,1.7162348740384914e-05,-1.4560418128967285,4.519154071807861,4.553815870167455e-06,3.433464527130127,-0.16144084930419922,3.0485862225759774e-06
769,4.585669994354248,2.9527900218963623,7.558887773484457e-06,1.1949002742767334,-2.6347875595092773,1.3415573448583018e-05,265.1481018066406,710.247802734375,1.1584407729969826e-05,156.74853515625,4.080875396728516,1.3288305126479827e-05,251.92965698242188,709.9574584960938,0.0026585308369249105,5.224312782287598,2.455242872238159,0.00043665600242093205,2.8888044357299805,715.4854736328125,2.419523661956191e-05,3.2633121013641357,-0.16144084930419922,1.0118616955878679e-05
770,5.138984680175781,2.9527900218963623,4.9439149734098464e-06,269.1140441894531,716.2352294921875,2.673419430720969e-06,265.1481018066406,710.247802734375,7.3670403253345285e-06,156.74853515625,4.086205005645752,2.1044017557869665e-05,259.349365234375,710.5499877929688,0.000498986104503274,259.9466857910156,716.1838989257812,8.7633183284197e-05,261.17218017578125,715.4854736328125,1.742548010952305e-05,267.9932861328125,709.0176391601562,6.564902378158877e-06
771,267.72576904296875,715.9431762695312,4.481903033592971e-06,269.2127380371094,716.6322631835938,1.345343548564415e-06,265.1481018066406,713.75732421875,4.576136234391015e-06,156.5514678955078,4.086205005645752,8.188883839466143e-06,260.1178283691406,710.8265380859375,3.1957297323970124e-05,264.96746826171875,716.1838989257812,2.2016913135303184e-05,267.3675231933594,715.5781860351562,1.0480433047632687e-05,268.35723876953125,709.0176391601562,4.831015758099966e-06
772,5.138984680175781,2.9527900218963623,6.250496426218888e-06,269.2127380371094,716.2352294921875,8.001288733794354e-06,152.7411346435547,0.990609884262085,5.933031388849486e-06,156.44549560546875,4.086205005645752,2.7286103431833908e-05,259.349365234375,711.278076171875,0.004372745752334595,259.9466857910156,715.5020141601562,9.270658483728766e-05,261.17218017578125,715.4854736328125,2.243008930236101e-05,267.9932861328125,708.967529296875,7.30871943233069e-06
773,4.857355117797852,2.9527900218963623,6.008724085404538e-06,252.59156799316406,716.1779174804688,1.1691052350215614e-05,137.48486328125,0.13557171821594238,5.5968616834434215e-06,156.5514678955078,3.976822853088379,1.6798541764728725e-05,259.349365234375,712.1480712890625,0.0022742534056305885,5.197744369506836,2.376275062561035,0.00043895808630622923,2.8888044357299805,715.6597290039062,2.03867930395063e-05,155.23291015625,1.7231676578521729,8.08761797088664e-06
774,4.857355117797852,2.9136903285980225,2.90552998194471e-06,269.2067565917969,716.2352294921875,1.3794569895253517e-06,152.7411346435547,0.018204927444458008,3.772866421059007e-06,156.50148010253906,3.976822853088379,1.8677039406611584e-05,260.1178283691406,712.6801147460938,8.481062832288444e-05,259.9466857910156,715.5020141601562,1.6024876458686776e-05,2.6380598545074463,713.853759765625,4.901723059447249e-06,155.23291015625,1.7231676578521729,3.412994146856363e-06
775,4.857355117797852,2.9136903285980225,2.2061497020331444e-06,269.2067565917969,716.1779174804688,8.105215556497569e-07,152.96214294433594,0.13557171821594238,2.81806524071726e-06,156.50148010253906,3.976822853088379,1.6964457245194353e-05,260.4176025390625,712.6801147460938,3.351033228682354e-05,264.96746826171875,715.5020141601562,1.1287139386695344e-05,2.6380598545074463,715.32861328125,6.052039680071175e-06,155.23291015625,1.7231676578521729,2.470741492288653e-06
776,4.453296184539795,2.9136903285980225,3.0709647944604512e-06,269.2067565917969,716.1779174804688,1.2231317896294058e-06,152.96214294433594,0.13557171821594238,4.858950887864921e-06,156.55661010742188,4.541478157043457,1.6152036550920457e-05,260.5433044433594,712.8008422851562,0.00013399832823779434,267.0492248535156,716.5113525390625,5.035461799707264e-05,2.6380598545074463,715.32861328125,5.7123352235066704e-06,155.23291015625,1.7231676578521729,3.300320486232522e-06
777,4.345882415771484,2.9382779598236084,5.2422910812310874e-06,269.2067565917969,709.2053833007812,2.241167294414481e-06,152.96214294433594,0.13365578651428223,4.161522156209685e-06,156.55661010742188,4.054440975189209,1.1780104614445008e-05,260.5433044433594,713.2389526367188,0.0005473422934301198,267.0492248535156,716.5113525390625,3.8613903598161414e-05,2.6380598545074463,715.32861328125,8.333234291058034e-06,2.672785758972168,-0.8778295516967773,7.471906883438351e-06
778,4.453296184539795,2.9382779598236084,3.4424399473209633e-06,269.45660400390625,709.2053833007812,5.942731604591245e-06,263.919189453125,710.6105346679688,1.0907279829552863e-05,156.51654052734375,4.263233661651611,1.7425745681975968e-05,262.90032958984375,713.9052734375,0.001260304474271834,267.0492248535156,716.5113525390625,0.00011684454511851072,266.8513488769531,714.8802490234375,1.270062512048753e-05,267.4966125488281,714.0396728515625,6.571109679498477e-06
779,4.542825698852539,2.9382779598236084,3.5320790630066767e-06,269.45660400390625,1.5871405601501465,1.2322195743763587e-06,263.919189453125,710.6105346679688,4.483891189011047e-06,170.38973999023438,4.263233661651611,1.4173807358019985e-05,262.90032958984375,713.2389526367188,8.558725676266477e-05,5.063023567199707,2.1980676651000977,1.9623814296210185e-05,266.8513488769531,714.8802490234375,6.757757091691019e-06,267.4966125488281,714.0396728515625,3.67830853065243e-06
780,4.345882415771484,2.9382779598236084,2.5284552975790575e-06,251.70492553710938,1.5871405601501465,1.0400871133242617e-06,249.13275146484375,710.6105346679688,3.74893966181844e-06,156.70877075195312,4.068436622619629,1.2798491297871806e-05,260.28533935546875,713.2389526367188,7.462522626155987e-05,5.063023567199707,2.1980676651000977,1.4781745448999573e-05,-1.424450397491455,4.3162994384765625,9.52625759964576e-06,3.3280253410339355,-0.9403729438781738,3.1573499654768966e-06
781,4.542825698852539,3.3294334411621094,4.022495886601973e-06,251.70492553710938,1.5871405601501465,8.877539698914916e-07,249.13275146484375,710.6105346679688,3.5894290704163723e-06,156.51654052734375,4.068436622619629,3.7005167996539967e-06,259.8951110839844,712.6864624023438,1.595482353877742e-05,5.063023567199707,2.1980676651000977,1.880527452158276e-05,-1.424450397491455,4.3162994384765625,4.420685854711337e-06,3.3280253410339355,-0.9403729438781738,3.379793952262844e-06
782,5.562851905822754,3.408729076385498,4.2617325561877806e-06,270.9063415527344,715.1463623046875,1.6026810953917447e-06,266.2807312011719,710.6105346679688,7.061092674121028e-06,156.70877075195312,4.263233661651611,2.203483018092811e-05,259.7231750488281,712.2784423828125,0.0002550623321440071,261.99591064453125,713.5798950195312,6.556853622896597e-05,264.93414306640625,714.6078491210938,6.800878963986179e-06,267.4966125488281,708.41455078125,4.967905169905862e-06
783,5.562851905822754,3.891324996948242,1.0611588550091255e-05,251.70492553710938,715.1463623046875,1.991459976125043e-05,249.13275146484375,710.3444213867188,1.0421192200738005e-05,156.9615478515625,4.068436622619629,2.0456202037166804e-05,259.7231750488281,712.2784423828125,0.006143245846033096,261.99591064453125,713.5798950195312,0.0005003027617931366,156.2372589111328,4.3162994384765625,2.3884709662524983e-05,155.95248413085938,1.9071595668792725,1.2320184396230616e-05
784,4.924744129180908,3.891324996948242,5.48733260075096e-06,251.70492553710938,716.9489135742188,1.1515619917190634e-05,249.24586486816406,712.7727661132812,1.3250897609395906e-05,156.70877075195312,4.231434345245361,1.6219566532527097e-05,259.7231750488281,712.2784423828125,0.010367995128035545,264.2447204589844,715.267578125,0.0004339405568316579,262.7533874511719,714.3841552734375,2.4276105250464752e-05,155.95248413085938,1.9071595668792725,1.1007397006324027e-05
785,268.6709289550781,715.692626953125,2.235269448647159e-06,270.9063415527344,716.87841796875,1.323273750131193e-06,249.24586486816406,710.3444213867188,9.75631337496452e-06,156.9615478515625,4.424610137939453,4.447159153642133e-05,259.8951110839844,712.4564819335938,0.0001897986512631178,264.8789978027344,716.4400024414062,1.1627717867668252e-05,264.93414306640625,714.6078491210938,6.935212695680093e-06,267.5900573730469,708.41455078125,3.960457434004638e-06
786,5.200085639953613,3.891324996948242,5.479587798618013e-06,270.9063415527344,716.87841796875,3.6431356420507655e-06,153.15277099609375,0.43093156814575195,1.6029429389163852e-05,156.9615478515625,4.231434345245361,6.058062808733666e-06,260.59808349609375,712.4564819335938,0.00032380735501646996,264.2447204589844,715.267578125,0.00011063553392887115,262.7533874511719,714.3841552734375,1.3280931852932554e-05,155.95248413085938,1.9071595668792725,6.113821200415259e-06
787,4.924744129180908,3.183285713195801,6.476364887930686e-06,251.23899841308594,716.87841796875,5.4376660045818426e-06,152.64427185058594,0.43093156814575195,4.395278665469959e-06,156.92808532714844,4.2081098556518555,1.0198901691182982e-05,260.59808349609375,714.5074462890625,0.000833112804684788,5.368927478790283,2.7200427055358887,0.00011659813026199117,170.2431640625,712.7706298828125,1.4011486200615764e-05,69.58244323730469,1.9071595668792725,8.158040145644918e-06
788,4.525074005126953,3.183285713195801,2.763746579148574e-06,269.5028381347656,717.3567504882812,7.298768878172268e-07,0.7572798728942871,1.065138816833496,3.501071432765457e-06,156.59681701660156,4.2081098556518555,1.0937132174149156e-05,260.59332275390625,712.646484375,0.00016011286061257124,266.21343994140625,715.267578125,1.2405472261889372e-05,262.7533874511719,714.3841552734375,4.158791853114963e-06,69.58244323730469,708.516357421875,2.9011800961598055e-06
789,4.525074005126953,3.183285713195801,2.96755570161622e-06,271.3812255859375,716.87841796875,4.58435670225299e-06,0.5562245845794678,0.640209436416626,3.4966433304362e-06,156.92808532714844,4.035434246063232,6.238550668058451e-06,261.060546875,712.646484375,3.556991941877641e-05,4.877357482910156,1.7678077220916748,1.5703875760664232e-05,170.2431640625,715.327880859375,7.787497452227399e-05,69.58244323730469,708.516357421875,0.0005142544396221638
790,4.525074005126953,3.183285713195801,3.912869033229072e-06,270.6802062988281,716.0521240234375,2.8712661332974676e-06,0.7572798728942871,1.065138816833496,4.989409262634581e-06,156.59681701660156,4.035434246063232,1.729878204059787e-05,260.59332275390625,712.646484375,0.0007951587904244661,4.877357482910156,1.7678077220916748,0.0002036239457083866,170.2431640625,715.68359375,1.9309560229885392e-05,69.58244323730469,708.364501953125,9.557196790410671e-06
791,4.499569892883301,3.460378408432007,4.76402146887267e-06,270.26434326171875,716.3662719726562,1.693750050435483e-06,0.7572798728942871,1.389411211013794,5.184038855077233e-06,156.5874481201172,3.767753839492798,6.033829322404927e-06,259.8433837890625,712.64111328125,0.00014765094965696335,265.3890686035156,715.7176513671875,2.917639176303055e-05,262.5452880859375,715.68359375,1.028544193104608e-05,69.58244323730469,708.364501953125,5.408182005339768e-06
792,4.525074005126953,3.6117899417877197,7.203270342870383e-06,270.6802062988281,716.0521240234375,4.902364253211999e-06,0.5562245845794678,1.389411211013794,3.5176110486645484e-06,156.59681701660156,3.867304563522339,1.3876832781534176e-05,259.8433837890625,711.6162109375,0.001355885062366724,265.79266357421875,716.18359375,9.49116365518421e-05,262.5452880859375,715.68359375,9.287524335377384e-06,2.921995162963867,-0.9530749320983887,3.533625431373366e-06
793,4.472324371337891,3.460378408432007,4.004280981462216e-06,270.6802062988281,716.0521240234375,2.8209883566887584e-06,137.5229034423828,1.2555689811706543,7.64451760915108e-06,156.60726928710938,3.867304563522339,6.6852790041593835e-06,259.8433837890625,710.6572265625,0.0006222364609129727,265.79266357421875,715.904541015625,7.331319648073986e-05,262.5452880859375,715.3472290039062,1.2056525520165451e-05,2.921995162963867,-0.9530749320983887,4.575996172206942e-06
794,268.30010986328125,714.4459228515625,2.973814162032795e-06,270.6802062988281,716.0521240234375,5.391276317823213e-06,137.5229034423828,1.2555689811706543,2.9374757559708087e-06,156.60726928710938,3.926309823989868,8.148515917127952e-06,259.8433837890625,711.5421142578125,0.0001912391890073195,266.00244140625,716.18359375,2.4998749722726643e-05,262.5452880859375,714.8475341796875,5.502844487637049e-06,155.57394409179688,1.9675791263580322,2.966596866826876e-06
795,4.263891696929932,3.460378408432007,4.5074630179442465e-06,270.3853759765625,716.2250366210938,3.5820050925394753e-06,137.5229034423828,0.19077062606811523,5.938092272117501e-06,156.64869689941406,3.926309823989868,2.3448048523277976e-05,260.9320983886719,711.5421142578125,0.0002721904020290822,266.00244140625,716.2748413085938,3.1539184419671074e-05,262.5452880859375,714.8475341796875,7.867053682275582e-06,155.57394409179688,1.9675791263580322,5.032427452533739e-06
796,268.30010986328125,714.4459228515625,5.598393272521207e-06,270.3853759765625,716.2250366210938,2.6752557005238486e-06,137.5229034423828,0.19077062606811523,7.117287168512121e-06,156.7154541015625,3.983907699584961,2.3400041754939593e-05,265.4085693359375,710.9701538085938,0.0003779180988203734,266.00244140625,716.2748413085938,6.246632256079465e-05,266.38873291015625,714.6593017578125,1.0845264114323072e-05,155.57394409179688,708.4376831054688,5.3879562074143905e-06
797,267.3899841308594,714.4459228515625,2.952732302219374e-06,270.3853759765625,716.396728515625,2.593216549939825e-06,152.4225616455078,0.19077062606811523,7.209765499283094e-06,156.7154541015625,4.291922569274902,2.9079752493998967e-05,265.4085693359375,711.5421142578125,0.0008308427059091628,266.00244140625,716.2748413085938,0.0003479027363937348,266.38873291015625,714.8475341796875,1.703676753095351e-05,268.4189758300781,709.2966918945312,7.2271263888978865e-06
798,267.3899841308594,714.4459228515625,3.5279688290756894e-06,271.9930725097656,716.2250366210938,6.978023975534597e-06,152.4225616455078,0.857151985168457,8.43197813082952e-06,156.7154541015625,4.291922569274902,2.1938943973509595e-05,265.4598388671875,711.5421142578125,0.0009601941565051675,265.5369567871094,716.2748413085938,0.00010620147077133879,265.98779296875,714.6593017578125,1.7382079022354446e-05,155.57394409179688,709.2966918945312,4.2420120735187083e-05
799,267.3899841308594,714.8547973632812,7.954968168633059e-06,271.9781494140625,716.396728515625,1.256730956811225e-05,247.39491271972656,710.449462890625,1.2741047612507828e-05,266.6865539550781,716.439697265625,9.144460818788502e-06,260.9320983886719,712.0545043945312,0.004511685110628605,263.9122009277344,716.2748413085938,0.0001103196045733057,265.98779296875,715.2181396484375,1.8503653336665593e-05,268.0801086425781,709.2966918945312,3.6298497434472665e-06
800,267.3899841308594,714.8547973632812,4.089282811037265e-06,271.9781494140625,716.396728515625,1.2525435977295274e-06,247.39491271972656,710.449462890625,5.122539278090699e-06,266.6865539550781,716.439697265625,8.519939001416788e-06,260.3385314941406,712.0545043945312,0.00015154613356571645,263.6689453125,716.2557983398438,2.091726491926238e-05,265.0972595214844,714.6593017578125,5.755161055276403e-06,76.14592742919922,708.4530029296875,4.6259642658696976e-06
801,4.7156081199646,3.308889865875244,1.1460905625426676e-05,271.9781494140625,716.396728515625,2.6745728973764926e-05,0.8331525325775146,1.2058100700378418,9.149075594905298e-06,266.9228210449219,716.439697265625,1.5149390492297243e-05,259.58331298828125,712.89013671875,0.025282252579927444,263.6689453125,716.3872680664062,0.00025519588962197304,265.0972595214844,715.1825561523438,2.735885209403932e-05,267.9347839355469,708.4530029296875,8.335953680216335e-06
802,4.7156081199646,3.308889865875244,4.709551831183489e-06,271.9781494140625,714.6198120117188,1.6291031670334633e-06,0.8331525325775146,1.2058100700378418,6.222584943316178e-06,156.5042266845703,4.147120952606201,1.5427596736117266e-05,260.3385314941406,712.89013671875,7.561995880678296e-05,5.2176899909973145,2.1295065879821777,2.5021219698828645e-05,2.5792012214660645,715.1825561523438,6.83442931403988e-06,3.0596108436584473,-0.7212948799133301,5.8534901654638816e-06
803,4.41202974319458,2.979064464569092,3.962989012507023e-06,270.9410400390625,707.1923217773438,1.8768031395666185e-06,248.84481811523438,710.1475830078125,3.93916388929938e-06,156.64833068847656,4.211464881896973,6.357432994263945e-06,260.3385314941406,713.145751953125,0.00022463344794232398,5.2176899909973145,2.1498212814331055,4.733587775263004e-05,170.1757354736328,715.1825561523438,7.187591108959168e-06,82.41353607177734,708.4530029296875,3.857172487187199e-06
804,4.41202974319458,2.979064464569092,2.8214403755555395e-06,269.8229675292969,707.1923217773438,1.9642595816549147e-06,248.10501098632812,710.1475830078125,4.699506462202407e-06,156.64833068847656,4.211464881896973,9.348734238301404e-06,260.3385314941406,713.145751953125,5.8401041314937174e-05,5.2176899909973145,2.1498212814331055,1.6323783711413853e-05,170.1757354736328,715.1825561523438,9.294541996496264e-06,82.41353607177734,712.5538330078125,2.720690872592968e-06
805,4.41202974319458,2.969315767288208,3.4551751468825387e-06,269.8229675292969,707.1923217773438,9.809760967982584e-07,248.10501098632812,710.1475830078125,4.760524461744353e-06,156.64833068847656,4.211464881896973,1.5450772480107844e-05,261.4030456542969,714.7867431640625,5.721873458242044e-05,5.2176899909973145,2.40948486328125,1.4581140021618921e-05,170.1757354736328,715.9794311523438,5.866735136805801e-06,82.41353607177734,712.5538330078125,9.79057585936971e-06
806,4.761874675750732,3.1398746967315674,3.5547504921851214e-06,1.2262120246887207,-2.5962657928466797,6.0658962866000365e-06,248.10501098632812,710.1475830078125,5.072719432064332e-06,156.29139709472656,3.9085404872894287,9.967559890355915e-06,261.4030456542969,714.7867431640625,0.0033246250823140144,4.980910301208496,2.1498212814331055,0.00024065043544396758,2.5792012214660645,715.9794311523438,1.6607033103355207e-05,3.0331456661224365,-0.7948603630065918,6.2503772824129555e-06
807,4.498832702636719,3.1398746967315674,3.5884195312974043e-06,1.2262120246887207,-2.5962657928466797,1.3489730008586776e-06,137.3462371826172,1.0539655685424805,3.6249721233616583e-06,156.57936096191406,3.7873971462249756,1.0808123988681473e-05,260.2551574707031,713.796630859375,1.9749055354623124e-05,4.980910301208496,2.40948486328125,1.936525404744316e-05,2.4358739852905273,715.9321899414062,7.237058525788598e-06,3.2117068767547607,-0.7948603630065918,3.026157628482906e-06
808,4.799513339996338,3.5900118350982666,3.2836876471264986e-06,1.311173915863037,-2.407465934753418,9.169760915028746e-07,137.3462371826172,1.0539655685424805,3.835884854197502e-06,156.57936096191406,3.7873971462249756,6.355221103149233e-06,260.2551574707031,713.0072021484375,0.00012231225264258683,5.693043231964111,2.683152675628662,1.6780992154963315e-05,2.4358739852905273,715.9321899414062,5.994232651573839e-06,3.2117068767547607,-0.7948603630065918,3.7881559364905115e-06
809,4.76991081237793,3.4333040714263916,4.447504124982515e-06,1.311173915863037,-2.407465934753418,1.2686806485362467e-06,137.3462371826172,0.8295235633850098,4.258795343048405e-06,156.57936096191406,3.7873971462249756,1.1283771527814679e-05,260.2551574707031,713.431396484375,3.741999898920767e-05,5.693043231964111,2.683152675628662,1.871333734015934e-05,2.4358739852905273,715.9321899414062,5.386080374591984e-06,3.2117068767547607,-0.7948603630065918,3.983997430623276e-06
810,4.76991081237793,3.4333040714263916,7.281643320311559e-06,270.5413513183594,715.6530151367188,1.0028687938756775e-05,0.5352270603179932,1.0539655685424805,5.673770829162095e-06,156.646484375,3.8309619426727295,2.3625843823538162e-05,259.8658142089844,713.0072021484375,0.002123304409906268,259.8420104980469,715.8803100585938,0.00014299033500719815,2.2608933448791504,714.6463012695312,3.6800232919631526e-05,3.2117068767547607,-0.7751302719116211,9.486133421887644e-06
811,4.498832702636719,3.4333040714263916,2.3905424768599914e-06,270.5413513183594,715.6530151367188,1.453647882954101e-06,152.46771240234375,1.0539655685424805,2.7691548893926665e-06,156.646484375,3.9405312538146973,1.2099834748369176e-05,260.2551574707031,713.431396484375,0.00048543981392867863,259.8420104980469,715.8803100585938,6.407075852621347e-05,2.7112152576446533,714.6463012695312,1.182067262561759e-05,67.97261810302734,2.0262351036071777,9.78170101006981e-06
812,4.230896949768066,3.150819778442383,4.182461907475954e-06,270.5413513183594,715.6530151367188,4.682672170019941e-06,152.46771240234375,1.0868396759033203,4.927233476337278e-06,156.646484375,3.996994733810425,4.670238467952004e-06,261.391845703125,713.431396484375,0.0007976943161338568,259.8420104980469,715.8803100585938,4.3121450289618224e-05,2.7112152576446533,4.127400875091553,7.099999493220821e-06,67.97261810302734,2.0262351036071777,4.9116997615783475e-06
813,4.230896949768066,3.150819778442383,5.645365035888972e-06,269.090087890625,715.6530151367188,2.040092567767715e-06,152.46771240234375,1.0868396759033203,8.827225428831298e-06,156.646484375,4.03265905380249,3.9279719203477725e-05,261.2143859863281,713.431396484375,0.00021219933114480227,259.8420104980469,716.0067138671875,3.053986074519344e-05,2.7112152576446533,4.127400875091553,1.3745358955929987e-05,67.97261810302734,2.0262351036071777,8.5220999608282e-06
814,4.230896949768066,3.1289312839508057,3.933364041586174e-06,154.25262451171875,2.845200538635254,1.1145816642965656e-06,152.5825958251953,1.0868396759033203,4.587492185237352e-06,156.646484375,4.1239848136901855,5.552443781198235e-06,261.2143859863281,713.0407104492188,3.1049992685439065e-05,5.440924644470215,2.488506317138672,1.643523501115851e-05,155.71868896484375,4.127400875091553,5.7987890613731e-06,155.72930908203125,2.0262351036071777,3.880893927998841e-06
815,4.236438751220703,3.150819778442383,3.7812767459399765e-06,1.4866394996643066,-2.552155017852783,4.099070793017745e-06,152.8157196044922,1.0868396759033203,6.48999730401556e-06,156.6824951171875,4.293806076049805,1.8666640244191512e-05,261.2143859863281,713.3931884765625,0.0010447421809658408,5.440924644470215,2.488506317138672,0.0002317071775905788,155.71868896484375,4.127400875091553,1.6461903214803897e-05,155.72930908203125,2.0262351036071777,1.4510658729705028e-05
816,4.837255001068115,3.439267158508301,3.676782853290206e-06,154.25262451171875,2.845200538635254,1.6308689509969554e-06,152.5825958251953,1.0868396759033203,1.3039245459367521e-05,156.6824951171875,4.2832746505737305,8.213388355216011e-05,260.9161376953125,713.0407104492188,8.884482667781413e-05,265.9945373535156,716.0067138671875,2.0280625903978944e-05,2.3380250930786133,4.437819957733154,1.1787408766394947e-05,155.72930908203125,1.3162147998809814,6.855075753264828e-06
817,4.837255001068115,3.4426422119140625,3.984369413956301e-06,154.25262451171875,2.845200538635254,1.598219796505873e-06,152.5825958251953,1.580937385559082,8.600685760029592e-06,156.6824951171875,4.2832746505737305,1.2925084774906281e-05,260.31439208984375,712.8910522460938,6.742891855537891e-05,265.9945373535156,716.0067138671875,2.123170816048514e-05,2.6621007919311523,715.0350952148438,7.545642802142538e-06,155.72930908203125,1.3162147998809814,5.385726581152994e-06
818,4.236438751220703,3.439267158508301,2.779746409942163e-06,154.25262451171875,2.845200538635254,1.7454652834203443e-06,137.17245483398438,0.8365461826324463,4.80462449559127e-06,156.7047119140625,4.2832746505737305,1.2573172170959879e-05,259.7275390625,712.9388427734375,0.0008022843394428492,260.4346618652344,716.2490234375,4.085957334609702e-05,2.6621007919311523,715.8602294921875,8.152464033628348e-06,2.959413528442383,-0.3665757179260254,4.006989001936745e-06
819,4.236438751220703,3.439267158508301,6.202588792802999e-06,1.5216999053955078,-2.334653377532959,2.0314473658800125e-06,137.17245483398438,0.8365461826324463,7.578050372103462e-06,156.5897674560547,4.143109321594238,8.377817721338943e-06,259.3802795410156,712.8910522460938,0.00012278107169549912,260.4346618652344,716.2490234375,2.406987732683774e-05,2.6621007919311523,716.559326171875,1.4144628039503004e-05,2.505286455154419,-0.7960233688354492,6.685986591037363e-06
820,4.427170753479004,3.439267158508301,4.146456376474816e-06,270.56011962890625,716.0281372070312,3.0882101782481186e-06,137.17245483398438,0.8365461826324463,7.378493592113955e-06,156.5897674560547,4.143109321594238,1.213329960592091e-05,259.3802795410156,712.0133056640625,0.0006435249233618379,260.4346618652344,716.2490234375,6.975633004913107e-05,2.910449504852295,716.559326171875,9.860807040240616e-06,2.959413528442383,-0.3665757179260254,5.712253823730862e-06
821,4.248085975646973,3.4516611099243164,3.5177049539925065e-06,1.5216999053955078,-1.9912467002868652,1.2975050367458607e-06,0.6423525810241699,0.8365461826324463,4.513433395914035e-06,156.5897674560547,4.109445571899414,1.642978168092668e-05,259.0498352050781,712.0133056640625,1.7483005649410188e-05,5.292401313781738,2.3859689235687256,1.7680838936939836e-05,2.910449504852295,715.8602294921875,6.916368420206709e-06,2.4677910804748535,-0.7049770355224609,3.863710844598245e-06
822,4.248085975646973,3.2715206146240234,2.0730949472635984e-05,1.475968837738037,-1.9912467002868652,4.3048232328146696e-05,0.6423525810241699,0.8365461826324463,1.2426075954863336e-05,156.5897674560547,4.109445571899414,2.8709249818348326e-05,259.3802795410156,710.5087890625,0.01280355453491211,4.693251609802246,2.1781957149505615,0.00052485620835796,2.910449504852295,714.9588012695312,5.390086880652234e-05,2.4278223514556885,-0.827763557434082,2.094988667522557e-05
823,4.248085975646973,3.624068021774292,6.0243251027713995e-06,1.475968837738037,-1.9912467002868652,2.0543627670122078e-06,0.4452338218688965,1.287951946258545,8.286344382213429e-06,156.50506591796875,4.085663318634033,5.612281711364631e-06,5.934117317199707,0.6233818531036377,3.285227285232395e-05,4.693251609802246,2.1781957149505615,3.4536893508629873e-05,-1.484433650970459,4.191763877868652,1.154800793301547e-05,2.4278223514556885,-0.7049770355224609,8.550014172215015e-06
824,4.248085975646973,3.8035542964935303,3.306763574073557e-06,271.2941589355469,1.2298915386199951,1.2788784715667134e-06,0.4452338218688965,1.57126784324646,3.5648845368996263e-06,156.2113800048828,4.0198588371276855,1.0212896995653864e-05,259.40911865234375,710.5087890625,5.8433801314095035e-05,5.266899108886719,2.2727701663970947,1.9882054402842186e-05,-1.484433650970459,4.191763877868652,6.023262358212378e-06,3.0694639682769775,-0.6622629165649414,3.6305766570876585e-06
825,4.0309624671936035,3.624068021774292,2.466501655362663e-06,270.15960693359375,1.2298915386199951,7.969874786795117e-07,0.4452338218688965,1.287951946258545,3.5673976981343003e-06,156.15480041503906,3.9486491680145264,4.113137038075365e-06,259.40911865234375,710.5087890625,1.982504727493506e-05,5.266899108886719,2.2727701663970947,1.3026182386965957e-05,-1.484433650970459,4.191763877868652,4.221214567223797e-06,3.0694639682769775,-0.6622629165649414,3.189593599017826e-06
826,4.0309624671936035,2.870314359664917,8.022009751584847e-06,272.7297668457031,1.43501615524292,3.822282451437786e-06,0.724513053894043,1.287951946258545,4.730009550257819e-06,156.0992431640625,3.7803332805633545,9.974767635867465e-06,259.40911865234375,712.2022705078125,0.0008183144382201135,5.266899108886719,2.2727701663970947,5.1407052524155006e-05,77.3602066040039,712.2150268554688,1.2520583368313964e-05,81.19389343261719,708.9281616210938,6.6982202042709105e-06
827,5.312211036682129,3.624068021774292,3.065624468945316e-06,272.7297668457031,715.503662109375,1.7075343521355535e-06,137.57675170898438,1.57126784324646,3.211303464922821e-06,156.15480041503906,3.7803332805633545,1.1253596312599257e-05,259.22198486328125,712.2022705078125,0.00016153270553331822,263.63153076171875,716.0402221679688,3.777405436267145e-05,261.61279296875,715.549072265625,6.348551323753782e-06,268.1025085449219,714.0496215820312,3.1277938887797063e-06
828,5.312211036682129,3.1619834899902344,3.018614506800077e-06,272.0234680175781,716.3383178710938,7.158785706451454e-07,247.41957092285156,712.883544921875,2.9588350116682705e-06,156.2113800048828,3.9486491680145264,6.825016953371232e-06,259.22198486328125,712.62890625,1.768794027157128e-05,264.03857421875,716.4889526367188,1.3348852917260956e-05,261.9466552734375,715.549072265625,3.726248451130232e-06,268.1025085449219,714.0496215820312,3.6235758216207614e-06
829,4.185791492462158,3.1619834899902344,1.3254448276711628e-05,271.7964782714844,716.5977783203125,3.257453136029653e-05,137.57675170898438,1.2184395790100098,8.188791071006563e-06,156.3318328857422,3.979257583618164,1.5066473679326009e-05,259.22198486328125,712.664306640625,0.044904377311468124,264.03857421875,716.4205322265625,0.0004258454137016088,261.9466552734375,714.4197998046875,1.9133294699713588e-05,81.19389343261719,714.0496215820312,6.218657290446572e-06
830,4.690502643585205,3.3581838607788086,5.021702691010432e-06,271.7964782714844,716.4359741210938,3.2300856673828093e-06,137.57675170898438,0.36359596252441406,8.764773156144656e-06,156.4239959716797,4.046762943267822,1.353641437162878e-05,259.22198486328125,712.664306640625,0.0014017211506143212,264.03857421875,716.2872314453125,0.0001394606806570664,77.3602066040039,712.2150268554688,2.082121864077635e-05,2.8895506858825684,-0.8957552909851074,5.400688678491861e-06
831,4.690502643585205,3.5401949882507324,4.1055773181142285e-06,271.7964782714844,716.4359741210938,1.5378403759314097e-06,248.00888061523438,714.4796142578125,5.532938757824013e-06,156.55421447753906,4.046997547149658,9.969194252335e-06,259.22198486328125,712.664306640625,0.00011177548003615811,264.03857421875,716.2872314453125,5.081796189188026e-05,261.9466552734375,714.4197998046875,1.0340872904635035e-05,2.8895506858825684,-0.8957552909851074,5.689001682185335e-06
832,4.185791492462158,3.3581838607788086,3.891608230333077e-06,271.0735168457031,716.4359741210938,2.4007274532777956e-06,0.46256041526794434,0.9837901592254639,3.983222541137366e-06,156.68975830078125,4.205049514770508,1.158617487817537e-05,259.6034851074219,712.664306640625,0.00034568976843729615,264.03857421875,716.4205322265625,2.5508477847324684e-05,-1.4901175498962402,3.96807599067688,5.987410986563191e-06,2.305460214614868,-0.8957552909851074,4.254452051100088e-06
833,4.690502643585205,3.5401949882507324,1.5677749615861103e-05,270.8594970703125,716.4359741210938,3.732363256858662e-05,0.46256041526794434,0.9837901592254639,1.5240871107380372e-05,156.55421447753906,4.205049514770508,2.0786994355148636e-05,260.43365478515625,712.7445068359375,0.025243762880563736,265.76263427734375,716.4205322265625,0.0009229470742866397,-1.4901175498962402,3.96807599067688,4.3404303141869605e-05,2.8895506858825684,-0.29053449630737305,1.6206966392928734e-05
834,268.0928039550781,714.4203491210938,4.049059498356655e-06,270.8594970703125,716.3372192382812,1.667440074015758e-06,248.00888061523438,709.767333984375,5.068754035164602e-06,156.68975830078125,4.205049514770508,1.3162257346266415e-05,261.2987060546875,712.6171875,9.503245382802561e-05,265.96514892578125,716.5389404296875,2.3203203454613686e-05,265.58685302734375,715.2783203125,6.750948614353547e-06,2.9923553466796875,-0.29053449630737305,4.2842430048040114e-06
835,286.6768798828125,714.6353149414062,4.1089219848799985e-06,272.2926025390625,714.3815307617188,4.955276835971745e-06,248.00888061523438,709.767333984375,6.767649665562203e-06,156.68975830078125,4.0756611824035645,1.998651714529842e-05,265.88677978515625,710.9252319335938,0.0005248408997431397,267.3500671386719,716.5389404296875,7.16341455699876e-05,265.58685302734375,715.2783203125,9.339368261862546e-06,267.8169250488281,707.8475341796875,6.8653212110803e-06
836,286.6768798828125,714.4203491210938,4.682377493736567e-06,270.69561767578125,714.3815307617188,3.992680831288453e-06,152.6569061279297,0.9837901592254639,7.17971261110506e-06,156.30123901367188,4.0756611824035645,2.90204679913586e-05,265.88677978515625,710.9252319335938,0.00012043263268424198,267.3500671386719,716.5389404296875,8.316920138895512e-05,74.5414810180664,711.94140625,9.807115930016153e-06,76.73654174804688,707.8475341796875,3.2196628581004916e-06
837,286.6768798828125,714.6353149414062,1.1633484973572195e-05,270.69561767578125,716.6830444335938,4.207738584227627e-06,265.3070373535156,709.767333984375,5.315589532983722e-06,156.30123901367188,4.0756611824035645,1.568286279507447e-05,261.2987060546875,712.6118774414062,0.00027966624475084245,267.0313720703125,716.3574829101562,0.00017328023386653513,266.7951965332031,715.2774658203125,7.624364570801845e-06,79.46836853027344,707.9191284179688,5.076247362012509e-06
838,267.3852844238281,714.4203491210938,2.6165632789343363e-06,271.9353942871094,716.1268310546875,1.6955311821220675e-06,152.6569061279297,0.8454515933990479,3.7666322896257043e-06,156.3827667236328,4.2054619789123535,1.2434361451596487e-05,259.68682861328125,712.4217529296875,0.0002713193534873426,267.0313720703125,716.3574829101562,4.908620030619204e-05,169.68992614746094,711.94140625,7.471010030712932e-05,76.73654174804688,707.9191284179688,7.589209417346865e-05
839,4.70118522644043,3.4239306449890137,6.933591976121534e-06,271.9353942871094,716.1268310546875,2.3510452592745423e-05,137.5313720703125,0.8454515933990479,1.2944426998728886e-05,156.228759765625,4.539910316467285,3.749036477529444e-05,259.5879211425781,712.4217529296875,0.0056234984658658504,266.3116149902344,716.3133544921875,0.002138628391548991,74.5414810180664,711.94140625,0.00011218455620110035,76.73654174804688,707.9191284179688,3.0512470402754843e-05
840,4.70118522644043,3.4239306449890137,4.255368821759475e-06,270.106689453125,716.1375732421875,2.6216810056212125e-06,152.6569061279297,1.2745211124420166,5.624101049761521e-06,156.3827667236328,4.539910316467285,2.618996768433135e-05,259.5879211425781,712.4217529296875,0.001116492203436792,266.16796875,716.3574829101562,3.2761075999587774e-05,169.68992614746094,715.2774658203125,1.1775431630667299e-05,76.73654174804688,714.7963256835938,3.897287115250947e-06
841,260.33349609375,716.279052734375,3.2577272577327676e-06,270.8731994628906,716.1268310546875,1.525984885120124e-06,137.5313720703125,1.357123851776123,3.445543825364439e-06,156.4501953125,4.539910316467285,6.016292445565341e-06,259.68682861328125,712.4217529296875,0.0004763567412737757,265.43096923828125,716.6370239257812,1.8809561879606918e-05,266.45733642578125,715.4141845703125,1.713897472654935e-05,3.1742022037506104,-0.9655890464782715,2.959670382551849e-06
842,5.124251365661621,3.486266613006592,3.969544195570052e-06,271.9353942871094,715.8154296875,6.65463130644639e-06,137.5313720703125,1.2745211124420166,1.0871192898775917e-05,156.4501953125,4.164917469024658,1.6132593373185955e-05,259.9532775878906,712.4217529296875,0.002610765630379319,264.765380859375,716.6370239257812,8.264913049060851e-05,170.29588317871094,715.4141845703125,1.1373494999133982e-05,3.1709136962890625,-1.0136609077453613,4.76350351164001e-06
843,5.124251365661621,3.5268092155456543,3.593892415665323e-06,270.8731994628906,715.538330078125,3.1524159567197785e-06,0.5213377475738525,1.2745211124420166,4.12875488109421e-06,156.56983947753906,4.164917469024658,1.1417738278396428e-05,260.0126953125,712.6770629882812,0.0004974296898581088,5.193567276000977,2.1467742919921875,2.6673391403164715e-05,170.29588317871094,715.4141845703125,8.361742402485106e-06,3.0071310997009277,-0.9655890464782715,3.979311713919742e-06
844,5.124251365661621,3.5268092155456543,3.744716195797082e-06,270.106689453125,715.3006591796875,1.1553045169421239e-06,0.5108933448791504,0.30995845794677734,3.995983661297942e-06,156.56983947753906,4.164917469024658,1.1944610378122889e-05,260.1173400878906,712.87255859375,4.100036312593147e-05,5.139665603637695,2.1467742919921875,1.3958831914351322e-05,170.29588317871094,3.540522813796997,4.694893050327664e-06,2.7745018005371094,-0.7962422370910645,3.3281633022852475e-06
845,5.019301414489746,3.486266613006592,4.359277681942331e-06,1.415992259979248,-2.4888052940368652,1.5796449588378891e-06,0.5108933448791504,0.21257257461547852,5.625346148008248e-06,156.592041015625,4.178437232971191,9.047989806276746e-06,260.1173400878906,712.87255859375,3.3749773137969896e-05,4.950199604034424,2.1407341957092285,2.86621434497647e-05,-2.099534511566162,3.540522813796997,8.491660992149264e-06,2.7745018005371094,-0.7962422370910645,5.118305125506595e-06
846,5.019301414489746,3.486266613006592,4.3574409573921e-06,1.415992259979248,-2.4888052940368652,1.8543132682680152e-06,152.91754150390625,0.21257257461547852,5.563150352827506e-06,156.71131896972656,4.178437232971191,8.629004696558695e-06,259.9532775878906,712.87255859375,2.125693208654411e-05,4.950199604034424,2.1407341957092285,2.8070791813661344e-05,-2.099534511566162,3.540522813796997,1.059466194419656e-05,2.9698128700256348,-0.7690267562866211,5.734145815949887e-06
847,4.630255222320557,3.231114387512207,4.852287474932382e-06,1.3201327323913574,-2.509997844696045,1.3924628774475423e-06,137.88626098632812,0.19898533821105957,6.8782110247411765e-06,156.71131896972656,4.178437232971191,3.053709588130005e-05,259.6494140625,712.3701782226562,1.692020487098489e-05,4.660858154296875,2.045863389968872,2.012831282627303e-05,-2.231701374053955,3.925644636154175,6.0395977925509214e-06,2.9698128700256348,-0.7373905181884766,4.67540758108953e-06
848,5.019301414489746,3.179126501083374,4.84340671391692e-06,1.3201327323913574,-2.4888052940368652,7.573636594315758e-06,137.88626098632812,0.1536104679107666,1.3777209460386075e-05,156.71131896972656,4.178437232971191,1.2679991414188407e-05,6.070054054260254,0.25227832794189453,0.0023385777603834867,4.950199604034424,2.021538257598877,0.00014294410357251763,-2.099534511566162,4.035238265991211,1.732192686176859e-05,3.420006513595581,-0.7373905181884766,6.338128514471464e-06
849,5.752499103546143,3.179126501083374,4.171014097664738e-06,270.1413269042969,1.619236707687378,1.3543158274842426e-06,137.88626098632812,0.027822256088256836,7.188653398770839e-06,156.71131896972656,4.178437232971191,2.6871488444157876e-05,6.070054054260254,0.25227832794189453,1.6278559996862896e-05,4.996854782104492,2.045863389968872,1.9532049918780103e-05,3.5517632961273193,714.5328369140625,7.980788723216392e-06,67.95355987548828,703.8079833984375,6.091292561904993e-06
850,267.7913513183594,700.7813110351562,2.691277586563956e-06,270.51300048828125,716.2844848632812,7.094612897162733e-07,137.60806274414062,0.1536104679107666,2.3442025849362835e-06,156.5102081298828,4.264319896697998,6.001479505357565e-06,259.6494140625,711.6019287109375,1.209233687404776e-05,265.5563049316406,714.456298828125,9.940097697835881e-06,266.4835510253906,714.5328369140625,2.444522124278592e-06,266.9259033203125,707.37353515625,2.125998435076326e-06
851,252.55105590820312,700.7813110351562,5.299489203025587e-06,270.1413269042969,717.0985107421875,3.996749455836834e-06,137.60806274414062,0.1536104679107666,7.427009222737979e-06,156.5102081298828,4.369582176208496,2.1663654479198158e-05,251.9550018310547,711.3060302734375,0.0010533574968576431,258.7849426269531,714.456298828125,0.00024962396128103137,261.33990478515625,714.5328369140625,1.0771163033496123e-05,253.3303985595703,707.37353515625,6.3911961660778616e-06
852,268.3901672363281,714.9786987304688,1.2641655303013977e-05,271.0687561035156,717.0985107421875,1.3025662155996542e-05,137.60806274414062,0.31284499168395996,1.0616831787046976e-05,156.5102081298828,4.369582176208496,1.9871060430887155e-05,260.841796875,711.6019287109375,0.005995767191052437,265.26971435546875,715.5504150390625,0.0008055971702560782,265.5691833496094,715.2833862304688,2.1610687326756306e-05,266.9259033203125,707.37353515625,2.3819677153369412e-05
853,268.3901672363281,714.9786987304688,4.013862053398043e-06,270.5026550292969,717.1320190429688,6.429949280573055e-06,137.60806274414062,1.0250728130340576,1.1052838090108708e-05,156.7470245361328,4.369582176208496,1.883472577901557e-05,260.841796875,711.9588012695312,0.021114066243171692,265.5894470214844,717.0224609375,0.0005681408802047372,265.5691833496094,714.5328369140625,1.5444216842297465e-05,266.9259033203125,707.37353515625,7.691985047131311e-06
854,252.55105590820312,700.7813110351562,1.005504236673005e-05,271.0687561035156,717.0985107421875,1.7557809769641608e-05,137.44903564453125,1.0250728130340576,1.0853955245693214e-05,156.7470245361328,4.169356346130371,2.1338724764063954e-05,260.9180908203125,711.6019287109375,0.01844342052936554,265.26971435546875,717.0224609375,0.0001718762650853023,261.33990478515625,714.0552368164062,1.6871059415279888e-05,253.3303985595703,707.37353515625,1.2250146937731188e-05
855,5.056912899017334,3.255033493041992,4.3128284232807346e-06,270.5026550292969,716.4480590820312,2.5500758056296036e-06,0.847508430480957,1.0250728130340576,5.2842024160781875e-06,156.7470245361328,4.169356346130371,7.541995273641078e-06,260.7352600097656,711.9588012695312,0.0001324861659668386,258.7849426269531,717.0224609375,2.7293965104036033e-05,3.4941859245300293,412.5650939941406,8.24919970909832e-06,3.3971807956695557,-0.35626220703125,4.741947122965939e-06
856,5.056912899017334,3.255033493041992,4.554410224955063e-06,270.9471435546875,716.0313720703125,1.5382877336378442e-06,0.847508430480957,1.0250728130340576,4.476465164771071e-06,156.83291625976562,4.169356346130371,7.780147825542372e-06,260.7352600097656,712.0235595703125,0.00016034494910854846,264.7203674316406,717.0224609375,1.8789121895679273e-05,3.4941859245300293,412.5650939941406,6.361824034684105e-06,3.3971807956695557,-0.35626220703125,3.914768967661075e-06
857,5.056912899017334,3.255033493041992,4.831278602068778e-06,270.5726623535156,716.0313720703125,1.777445390871435e-06,0.847508430480957,1.0250728130340576,5.364064236346167e-06,156.47647094726562,4.169356346130371,1.7049706002580933e-05,260.69342041015625,712.437255859375,3.677024142234586e-05,264.7203674316406,716.0523681640625,3.0756644264329225e-05,3.4941859245300293,412.5650939941406,8.023624104680493e-06,3.3971807956695557,-0.35626220703125,4.673174771596678e-06
858,268.29150390625,714.6618041992188,5.474938916449901e-06,270.9471435546875,714.7222290039062,8.136852557072416e-06,153.03456115722656,0.9245455265045166,9.864258572633844e-06,156.47647094726562,4.226929664611816,1.2615016203199048e-05,260.69342041015625,712.0235595703125,0.0023418720811605453,4.872220993041992,2.274327278137207,0.0002060132974293083,266.57867431640625,714.3497314453125,2.065288572339341e-05,3.3971807956695557,-0.35626220703125,6.557100277859718e-06
859,268.29150390625,714.6618041992188,9.162303285847884e-06,270.5726623535156,707.3106079101562,1.2745446838380303e-05,247.59620666503906,711.3121948242188,5.311313088895986e-06,156.3011932373047,4.226929664611816,2.123488775396254e-05,260.69342041015625,712.437255859375,0.003203046740964055,4.872220993041992,2.274327278137207,0.00015664876264054328,266.57867431640625,714.3497314453125,1.6331023289239965e-05,3.1264219284057617,-0.35626220703125,1.1766574971261434e-05
860,268.3785400390625,714.6618041992188,3.6567068946169456e-06,270.5726623535156,716.0313720703125,3.5038772239204263e-06,248.68832397460938,711.3121948242188,5.9395929383754265e-06,156.65211486816406,4.486109256744385,2.0660096197389066e-05,261.55291748046875,712.0235595703125,0.0006985072395764291,264.7203674316406,716.0523681640625,1.6069439880084246e-05,267.1111145019531,715.4296875,8.44903479446657e-06,268.1142272949219,708.037353515625,4.006767539976863e-06
861,272.54937744140625,714.14599609375,3.080735496041598e-06,270.20513916015625,716.3402709960938,1.1946134463869384e-06,247.59620666503906,710.4024047851562,4.56435009255074e-06,156.65211486816406,4.486109256744385,2.1437321265693754e-05,261.55291748046875,711.8732299804688,2.1411964553408325e-05,265.4045715332031,715.2255249023438,1.5917270502541214e-05,266.57867431640625,714.3497314453125,5.525925644178642e-06,155.46688842773438,1.9385340213775635,3.2023212952481117e-06
862,272.54937744140625,714.14599609375,5.180445896257879e-06,270.20513916015625,716.2212524414062,4.5529513954534195e-06,153.03456115722656,0.9983935356140137,7.420565907523269e-06,156.92898559570312,4.517721176147461,7.280747013282962e-06,261.55291748046875,711.5703735351562,0.0022122988011687994,264.90618896484375,715.2255249023438,7.469706179108471e-05,265.99151611328125,714.3497314453125,9.57431984716095e-06,155.46688842773438,1.9385340213775635,8.428384717262816e-06
863,272.54937744140625,700.6334838867188,4.211653049424058e-06,270.20513916015625,716.2212524414062,1.8389971501164837e-06,152.45257568359375,1.0533819198608398,4.846904630539939e-06,156.92898559570312,4.517721176147461,1.427505867468426e-05,261.2663269042969,711.8732299804688,0.00015773905033711344,264.90618896484375,715.2255249023438,2.125443825207185e-05,265.99151611328125,714.5682983398438,5.397465429268777e-06,155.46688842773438,1.9385340213775635,3.8038569982745685e-06
864,272.54937744140625,700.6334838867188,6.335179023153614e-06,270.20513916015625,716.2212524414062,8.438581971859094e-06,0.758528470993042,1.0533819198608398,6.6810212047130335e-06,156.92898559570312,4.517721176147461,1.235478794114897e-05,260.8432922363281,711.8732299804688,0.0023695086129009724,264.90618896484375,715.2255249023438,0.00013071257853880525,265.99151611328125,714.5682983398438,1.1316402378724888e-05,155.46688842773438,1.9385340213775635,8.326792340085376e-06
865,273.540283203125,714.14599609375,6.070589734008536e-06,270.20513916015625,716.2212524414062,2.789864993246738e-06,0.758528470993042,1.0533819198608398,2.005891474254895e-06,156.59580993652344,4.048923015594482,5.621452601189958e-06,260.8432922363281,711.8732299804688,0.0002774113672785461,264.90618896484375,715.2255249023438,1.0122072126250714e-05,265.99151611328125,714.5682983398438,3.2967975585052045e-06,3.174325942993164,-0.5930542945861816,1.9974136193923187e-06
866,269.16290283203125,700.626953125,5.4374741011997685e-06,270.7866516113281,716.2212524414062,1.9677092950587394e-06,0.758528470993042,1.0533819198608398,7.4975614552386105e-06,156.30506896972656,4.048923015594482,1.643768155190628e-05,260.4736022949219,712.1309204101562,6.98608419043012e-05,264.6565246582031,716.2618408203125,2.617341306176968e-05,266.2416687011719,715.7740478515625,7.748456482659094e-06,3.0724806785583496,-0.9006357192993164,6.185452548379544e-06
867,4.354581356048584,3.1141018867492676,6.068164111638907e-06,268.22259521484375,710.9948120117188,4.2424831008247565e-06,0.758528470993042,1.1122863292694092,6.701453457935713e-06,156.30506896972656,4.048923015594482,2.406023850198835e-05,260.8432922363281,713.6552734375,0.0007806143839843571,4.834106922149658,2.32778000831604,0.00023457981296814978,266.2416687011719,714.5682983398438,1.0678682883735746e-05,2.932952404022217,-0.9006357192993164,3.9280375858652405e-06
868,4.354581356048584,3.1141018867492676,4.0983400140248705e-06,268.22259521484375,716.71533203125,3.483549335214775e-06,137.39564514160156,1.1122863292694092,7.700426067458466e-06,156.43711853027344,4.048923015594482,1.0696753633965272e-05,261.760986328125,713.6552734375,0.0003608377883210778,264.6565246582031,715.485595703125,5.506742309080437e-05,266.36663818359375,713.8423461914062,1.1315410120005254e-05,2.932952404022217,-0.5930542945861816,4.3812592593894806e-06
869,4.096192836761475,3.196162700653076,3.9067094803613145e-06,270.7866516113281,716.71533203125,1.4930299130355706e-06,137.39564514160156,1.2997527122497559,5.137005246069748e-06,156.49246215820312,4.113224983215332,8.680913197167683e-06,261.760986328125,713.2052001953125,8.964436710812151e-05,264.6565246582031,715.485595703125,1.8415772501612082e-05,266.36663818359375,715.980712890625,6.536895853059832e-06,2.720829963684082,-0.5524625778198242,4.473119588510599e-06
870,4.096192836761475,3.036979913711548,2.771400431811344e-06,270.7866516113281,715.5878295898438,1.5943696780595928e-06,137.39564514160156,0.2570610046386719,2.987145080624032e-06,156.49246215820312,4.165481090545654,7.619189091201406e-06,261.760986328125,713.9674072265625,0.0006567849195562303,4.765531539916992,2.32778000831604,2.3099039026419632e-05,266.36663818359375,715.5541381835938,1.25122396639199e-05,2.720829963684082,-0.4173555374145508,4.771615294885123e-06
871,4.43052864074707,3.196162700653076,2.991760538861854e-06,154.6128387451172,2.9543838500976562,1.5598679965478368e-06,0.49724674224853516,1.2997527122497559,3.652706254797522e-06,156.49246215820312,4.165481090545654,8.67294511408545e-06,261.760986328125,713.2052001953125,0.00020156073151156306,4.765531539916992,2.273860454559326,1.681856156210415e-05,2.6628170013427734,715.5541381835938,6.575986390089383e-06,2.9808990955352783,-0.4173555374145508,3.3105625334428623e-06
872,4.524428844451904,3.196162700653076,2.1554062641371274e-06,270.2117004394531,715.5878295898438,9.881694040814182e-07,137.5789794921875,0.0735166072845459,6.756951279385248e-06,156.49246215820312,4.1670145988464355,2.3668531866860576e-05,260.9695129394531,712.7310180664062,2.4812945412122644e-05,5.192605018615723,2.273860454559326,1.2240151590958703e-05,2.6973092555999756,716.3636474609375,6.003935595799703e-06,155.6028594970703,1.9256858825683594,4.962109869666165e-06
873,4.524428844451904,3.196162700653076,3.0968160444899695e-06,270.2117004394531,715.1455078125,9.246581385013997e-07,137.5789794921875,0.5904157161712646,3.5947082324128132e-06,156.49246215820312,4.269746780395508,1.5878909835009836e-05,260.9695129394531,712.7310180664062,2.548260999901686e-05,5.192605018615723,2.273860454559326,1.529214932816103e-05,2.6973092555999756,716.3636474609375,5.807018169434741e-06,155.6028594970703,1.9256858825683594,3.4734155178739456e-06
874,5.0103631019592285,3.369410753250122,2.1070693492220016e-06,269.16387939453125,715.1455078125,1.3659445130542736e-06,152.4442901611328,0.5904157161712646,3.040096999029629e-06,156.52980041503906,4.482675075531006,1.2662794688367285e-05,261.6744384765625,712.7238159179688,0.0002818991197273135,266.2295227050781,716.310302734375,2.0067285731784068e-05,266.2712097167969,715.634033203125,7.5199754974164534e-06,155.6065673828125,1.9512019157409668,2.13610110222362e-06
875,5.0103631019592285,3.520977020263672,7.5799225669470616e-06,270.2117004394531,715.908935546875,3.3056153370125685e-06,137.5789794921875,0.5904157161712646,5.569212589762174e-06,156.6139678955078,4.482675075531006,1.8676433683140203e-05,260.1668395996094,712.5857543945312,0.00032602151622995734,266.2295227050781,716.310302734375,2.6506160793360323e-05,2.6973092555999756,715.634033203125,1.2820906704291701e-05,155.6065673828125,1.9256858825683594,9.016283001983538e-06
876,268.8271484375,714.8628540039062,6.244055839488283e-06,270.2117004394531,716.1058349609375,1.2098058505216613e-05,152.83535766601562,0.5904157161712646,1.3729531929129735e-05,156.6366729736328,5.0607709884643555,2.5894405553117394e-05,261.6744384765625,712.7238159179688,0.0017352658323943615,266.5172424316406,716.53759765625,0.000129356820252724,266.2712097167969,715.634033203125,1.977393367269542e-05,267.9485168457031,708.359375,1.4770866073376965e-05
877,268.8271484375,714.8628540039062,5.245481588644907e-06,272.34857177734375,716.1058349609375,5.6734952522674575e-06,152.83535766601562,0.5904157161712646,8.206176971725654e-06,156.6366729736328,5.0607709884643555,4.6192235458875075e-05,261.6744384765625,712.57958984375,0.0022880372125655413,266.5172424316406,716.53759765625,3.2498046493856236e-05,266.2712097167969,715.052734375,1.3590041817224119e-05,267.9485168457031,708.359375,7.471429853467271e-06
878,268.8271484375,700.9613037109375,4.051358246215386e-06,272.34857177734375,716.1058349609375,4.964234904036857e-06,137.62210083007812,1.3169786930084229,8.591758160036989e-06,156.6366729736328,4.244861125946045,1.4103396097198129e-05,260.0203552246094,712.57958984375,0.00039976416155695915,264.1296691894531,716.53759765625,0.00030473704100586474,155.2593536376953,715.052734375,1.6935684470809065e-05,268.34368896484375,708.359375,4.805357548320899e-06
879,272.84161376953125,700.9613037109375,3.3863498174468987e-06,272.34857177734375,716.1058349609375,1.0395069693913683e-06,137.43983459472656,0.4966392517089844,5.442600013338961e-06,156.6366729736328,4.150726795196533,1.6350721125490963e-05,260.0203552246094,711.9635009765625,0.00010479989578016102,264.1296691894531,716.3323364257812,1.398519907525042e-05,155.2593536376953,714.8945922851562,6.7405203481030185e-06,268.34368896484375,708.2666015625,4.384648946142988e-06
880,272.84161376953125,700.9613037109375,8.88589238456916e-06,271.8397521972656,715.41845703125,4.488164904614678e-06,137.62210083007812,1.3169786930084229,5.093156232760521e-06,156.43699645996094,4.045544147491455,1.1902424375875853e-05,260.0203552246094,712.57958984375,0.001380907604470849,264.1296691894531,716.6893920898438,3.990757977589965e-05,155.2593536376953,714.8945922851562,8.783182238403242e-06,268.34368896484375,708.2666015625,5.1115011956426315e-06
881,4.795790672302246,3.150956153869629,3.573581125237979e-06,273.1857604980469,714.9945068359375,2.3444015369022964e-06,137.43983459472656,0.10158371925354004,5.457376119011315e-06,156.32835388183594,4.039404392242432,9.399385817232542e-06,259.5583801269531,712.525146484375,0.0008743726648390293,260.5119934082031,716.3323364257812,0.00011147489567520097,155.2593536376953,3.8936002254486084,6.042432232788997e-06,3.2913875579833984,-0.14765405654907227,5.7464521887595765e-06
882,4.6994309425354,3.1157939434051514,6.315724931482691e-06,273.1857604980469,715.41845703125,4.346235527918907e-06,137.24815368652344,0.901848316192627,1.054792392096715e-05,156.43699645996094,4.045544147491455,2.459071038174443e-05,259.5583801269531,712.2003784179688,0.001267051324248314,264.1296691894531,716.6893920898438,5.4451033065561205e-05,155.3842010498047,714.8945922851562,1.0050833225250244e-05,268.34368896484375,707.6574096679688,6.379534625011729e-06
883,4.6994309425354,2.7579665184020996,3.845375431410503e-06,271.8397521972656,715.41845703125,1.2855244904130814e-06,137.4158477783203,0.10158371925354004,4.373906904220348e-06,156.4051055908203,4.150726795196533,1.6066329408204183e-05,260.0178527832031,712.525146484375,0.00014136389654595405,260.5119934082031,716.3323364257812,1.7038944861269556e-05,155.3842010498047,3.7870657444000244,4.75433125757263e-06,3.2913875579833984,-0.14765405654907227,3.2709294828237034e-06
884,4.608919620513916,2.7159323692321777,4.218526555632707e-06,271.8397521972656,714.9945068359375,2.600760581117356e-06,137.4158477783203,0.1843712329864502,4.6190034481696784e-06,156.37649536132812,4.436640739440918,6.023905370966531e-06,260.0178527832031,712.6522216796875,0.001236298936419189,5.273280143737793,2.0969862937927246,8.431117021245882e-05,155.3842010498047,3.7214531898498535,1.836969386204146e-05,3.165879011154175,-0.8749704360961914,6.739349828421837e-06
885,4.608919620513916,2.7579665184020996,4.075166089023696e-06,279.1326599121094,714.9945068359375,1.1923756346732262e-06,137.4158477783203,0.1843712329864502,4.69522410639911e-06,156.4051055908203,4.436640739440918,1.0075392310682219e-05,260.0178527832031,713.0357055664062,3.04844907077495e-05,4.691486358642578,1.987546443939209,2.0395798856043257e-05,155.3842010498047,3.7870657444000244,6.999725428613601e-06,3.165879011154175,-0.9011974334716797,4.11800783695071e-06
886,4.608919620513916,2.7579665184020996,3.568272177290055e-06,271.5847473144531,715.0602416992188,1.1938969919356168e-06,137.7559356689453,0.901848316192627,6.266402124310844e-06,170.70497131347656,4.503669738769531,2.6074161723954603e-05,260.0178527832031,713.0357055664062,8.325734961545095e-05,4.691486358642578,1.987546443939209,1.8668919437914155e-05,170.12367248535156,3.991515874862671,8.38521918922197e-06,3.165879011154175,-0.8749704360961914,3.6447863749344833e-06
887,4.81536340713501,2.7901558876037598,3.5237890188000165e-06,271.5847473144531,715.0602416992188,1.0771448160085129e-06,137.7559356689453,0.1843712329864502,3.5847015169565566e-06,156.4051055908203,4.503669738769531,4.54740120403585e-06,260.0178527832031,713.0357055664062,0.00012487346248235554,4.691486358642578,1.987546443939209,1.607233571121469e-05,170.12367248535156,3.991515874862671,5.58878127776552e-06,3.0289907455444336,-1.1860404014587402,3.602375272748759e-06
888,4.4534430503845215,2.7901558876037598,1.1218684448977001e-05,271.5847473144531,715.0602416992188,9.770139513420872e-06,137.7559356689453,1.2464661598205566,1.1930197615583893e-05,156.4477996826172,4.503669738769531,9.904290891427081e-06,260.1795349121094,712.6689453125,0.013010149821639061,265.1703796386719,717.0525512695312,0.00011662093311315402,170.12367248535156,3.991515874862671,1.527971471659839e-05,2.9378457069396973,-0.8749704360961914,5.033118213759735e-06
889,4.4534430503845215,3.292996883392334,2.4059049792413134e-06,271.5847473144531,715.0602416992188,1.134782110057131e-06,137.39520263671875,1.2464661598205566,4.798616828338709e-06,156.4477996826172,4.3038010597229,1.347706165688578e-05,260.84600830078125,712.6689453125,8.164045721059665e-05,265.1703796386719,717.0525512695312,1.7638147255638614e-05,-1.513904094696045,3.991515874862671,6.487132395704975e-06,2.9378457069396973,-0.8441004753112793,2.7558401143323863e-06
890,4.41458797454834,3.2073633670806885,3.8855155253259e-06,2.039130926132202,-2.0376524925231934,1.3206011999500333e-06,137.39520263671875,1.2464661598205566,4.89753210786148e-06,156.2732391357422,4.399360179901123,9.16219869395718e-06,260.8977355957031,712.6689453125,0.0004254126688465476,265.1703796386719,717.0525512695312,6.216729525476694e-05,-1.513904094696045,3.9574739933013916,8.282780981971882e-06,2.875074625015259,-0.6329421997070312,3.931789251510054e-06
891,4.41458797454834,3.1596009731292725,6.965596639929572e-06,2.039130926132202,-2.0376524925231934,2.223921455879463e-06,136.84130859375,0.6147415637969971,8.47548926685704e-06,156.2732391357422,4.399360179901123,2.7758507712860592e-05,260.8977355957031,712.7371826171875,9.175698505714536e-05,5.245777130126953,2.748000144958496,3.0505632821586914e-05,-1.513904094696045,3.7387588024139404,1.0285245480190497e-05,2.875074625015259,-0.6329421997070312,8.315277227666229e-06
892,4.41458797454834,3.1596009731292725,6.05330433245399e-06,2.039130926132202,-2.0376524925231934,1.9805283955065534e-06,136.84130859375,0.6147415637969971,7.021975761745125e-06,156.4477996826172,4.3038010597229,1.887498547148425e-05,260.8977355957031,712.7371826171875,0.0006910128286108375,5.017966270446777,2.315561532974243,3.4315580705879256e-05,-1.8812685012817383,3.7387588024139404,8.978853657026775e-06,2.875074625015259,-0.505795955657959,6.755334652552847e-06
893,4.813055992126465,3.1596009731292725,3.316993797852774e-06,154.5157012939453,3.3105368614196777,1.4787052577958093e-06,137.28343200683594,0.38860511779785156,1.3688677427126095e-05,156.2732391357422,4.33160400390625,4.4761465687770396e-05,260.8977355957031,712.7371826171875,0.00011469437595224008,4.909041404724121,1.9976205825805664,1.4783408914809115e-05,-1.513904094696045,3.7387588024139404,1.1366340004315134e-05,156.05447387695312,1.644841194152832,8.751485438551754e-06
894,4.831026077270508,3.1596009731292725,3.226791022825637e-06,270.52703857421875,709.9666748046875,1.9734450233954703e-06,152.27737426757812,0.6147415637969971,3.888203082169639e-06,156.61264038085938,4.399360179901123,1.0305687283107545e-05,264.0476989746094,710.8920288085938,0.0008763736695982516,4.909041404724121,1.9976205825805664,1.4063387425267138e-05,155.35476684570312,3.805816411972046,3.866880888381274e-06,266.92999267578125,708.124267578125,3.598055400289013e-06
895,4.831026077270508,2.932619094848633,3.9436822589777876e-06,270.52703857421875,709.9666748046875,2.1443447622004896e-06,137.41261291503906,0.47016429901123047,7.571765763714211e-06,156.67112731933594,4.33160400390625,1.5683850506320596e-05,264.0476989746094,710.8920288085938,0.0001243907172465697,4.909041404724121,1.9223506450653076,2.034645149251446e-05,170.08782958984375,3.805816411972046,8.21176672616275e-06,266.92999267578125,708.124267578125,3.754811359613086e-06
896,4.813055992126465,2.9291176795959473,6.944749657122884e-06,272.0507507324219,709.9666748046875,1.3509591553884093e-05,152.27737426757812,0.14090728759765625,4.179060852038674e-06,156.67112731933594,4.311413288116455,8.748815162107348e-06,264.0476989746094,710.8920288085938,0.012144515290856361,4.909041404724121,1.9223506450653076,0.00018265566905029118,262.7833557128906,713.6810913085938,1.792769762687385e-05,266.92999267578125,708.124267578125,1.3180546375224367e-05
897,4.719012260437012,2.863778591156006,4.153366262471536e-06,270.52703857421875,1.2238349914550781,1.4036531865713187e-06,137.41261291503906,0.14090728759765625,7.26405323803192e-06,156.63119506835938,4.311413288116455,1.809880996006541e-05,261.016357421875,712.851318359375,0.00015030046051833779,5.198324203491211,1.9223506450653076,2.1608029783237725e-05,262.7833557128906,713.6810913085938,5.967828201391967e-06,156.14437866210938,1.9420692920684814,4.936518053000327e-06
898,4.600000858306885,2.9291176795959473,2.3637737740500597e-06,271.4450988769531,1.2238349914550781,1.1342767720634583e-06,137.41261291503906,0.47016429901123047,3.936313532904023e-06,156.63119506835938,4.253776550292969,1.6317029803758487e-05,260.3262634277344,712.851318359375,0.00012753265036735684,261.04022216796875,715.87890625,2.8051923436578363e-05,260.974365234375,713.6810913085938,5.676585715264082e-06,155.57318115234375,1.4183907508850098,2.6362174594396492e-06
899,4.600000858306885,2.9291176795959473,3.351746272528544e-06,268.8277282714844,1.2238349914550781,9.492462709204119e-07,137.41261291503906,0.025989294052124023,3.1135980407270836e-06,156.63119506835938,4.212737083435059,1.0337767889723182e-05,260.3262634277344,712.851318359375,3.484827539068647e-05,261.04022216796875,714.87255859375,1.9393826732994057e-05,260.974365234375,714.4096069335938,6.05293462285772e-06,155.57318115234375,1.4183907508850098,3.1026277156342985e-06
900,4.600000858306885,3.05495285987854,3.2247730814560782e-06,268.8277282714844,1.2238349914550781,1.015599195852701e-06,137.3280792236328,0.025989294052124023,3.596988790377509e-06,156.47488403320312,4.212737083435059,1.6480405975016765e-05,260.0151062011719,712.851318359375,0.00011809733405243605,261.04022216796875,714.87255859375,3.0109846193226986e-05,260.974365234375,714.4096069335938,6.378385023708688e-06,3.4145143032073975,-0.39487409591674805,3.2866860237845685e-06
901,4.289501667022705,3.5622386932373047,2.8215938527864637e-06,1.6382384300231934,-2.507598400115967,3.927539182768669e-06,136.8706512451172,0.04427504539489746,5.3713024499302264e-06,156.47488403320312,4.212737083435059,3.068849764531478e-05,260.0151062011719,712.9951171875,0.0012026310432702303,5.198324203491211,2.3269753456115723,0.00021931444643996656,170.07388305664062,4.119510650634766,8.52793800731888e-06,3.3381881713867188,-0.4195437431335449,4.012262252217624e-06
902,4.289501667022705,3.669410467147827,4.987815827917075e-06,253.4198760986328,716.7495727539062,1.818655960050819e-06,136.8706512451172,1.2673962116241455,5.686691110895481e-06,156.63136291503906,4.127692699432373,2.0708561351057142e-05,258.90716552734375,712.0524291992188,0.00017818377818912268,261.04022216796875,714.87255859375,2.266815681650769e-05,253.96585083007812,714.1563110351562,7.634928806510288e-06,3.3381881713867188,-0.39487409591674805,4.886535862169694e-06
903,5.306985855102539,3.972014904022217,5.417473857960431e-06,253.4198760986328,715.499755859375,1.9326653273310512e-06,137.2974395751953,0.04427504539489746,6.895240858284524e-06,156.63136291503906,4.127692699432373,1.3165935342840385e-05,259.6620788574219,712.7711791992188,7.536605698987842e-05,259.6976318359375,714.87255859375,2.3896056518424302e-05,253.96585083007812,714.1563110351562,1.0690880117181223e-05,155.68312072753906,2.506415843963623,7.423368515446782e-06
904,253.08718872070312,715.559326171875,7.989500772964675e-06,253.4198760986328,715.223388671875,9.726668395160232e-06,137.27195739746094,0.04427504539489746,8.664281267556362e-06,156.47488403320312,4.127692699432373,2.8114298402215354e-05,259.6620788574219,712.7711791992188,0.002782263560220599,4.943764686584473,2.3269753456115723,0.00014280638424679637,253.96585083007812,714.1563110351562,6.501749339804519e-06,2.684863567352295,-0.4195437431335449,3.839420969597995e-06
905,253.08718872070312,715.559326171875,1.1538253602338955e-05,253.4198760986328,715.223388671875,6.560783731401898e-06,137.27195739746094,0.21388530731201172,5.5646469263592735e-06,156.63136291503906,4.127692699432373,2.009166382777039e-05,259.6620788574219,712.7711791992188,0.0006717222277075052,4.943764686584473,2.250554084777832,4.547941716737114e-05,253.96585083007812,714.1563110351562,1.2499156582634896e-05,2.684863567352295,-0.4195437431335449,4.883661858912092e-06
906,270.5077209472656,715.559326171875,4.4593830352823716e-06,272.41619873046875,715.499755859375,2.5036188162630424e-06,137.2974395751953,0.21388530731201172,4.654684289562283e-06,156.34873962402344,4.127692699432373,1.4116718375589699e-05,260.7230224609375,712.7711791992188,0.00010258666588924825,259.6976318359375,716.5440673828125,1.7281980035477318e-05,253.96585083007812,714.1563110351562,7.197784270829288e-06,3.4414052963256836,-0.7821307182312012,3.965306405007141e-06
907,286.4449157714844,715.1799926757812,3.4394734029774554e-06,272.41619873046875,715.499755859375,1.1990329085165286e-06,137.2974395751953,0.21388530731201172,4.610681116901105e-06,156.34873962402344,4.017919063568115,1.5381703633465804e-05,260.7230224609375,712.857177734375,4.615674333763309e-05,259.6976318359375,716.4080200195312,2.4149981982191093e-05,261.4006042480469,714.2451171875,6.954014679649845e-06,3.4414052963256836,-0.7821307182312012,3.950401151087135e-06
908,286.4449157714844,715.1026611328125,4.098910721950233e-06,271.97760009765625,715.5978393554688,1.6873931372174411e-06,137.67672729492188,0.21388530731201172,3.6557064504449954e-06,156.51992797851562,3.9645509719848633,1.748412432789337e-05,260.7230224609375,712.93896484375,3.513197225402109e-05,260.76678466796875,715.423095703125,1.9970284483861178e-05,169.66827392578125,714.2451171875,7.325537808355875e-06,2.729179859161377,-0.7821307182312012,3.0393405268114293e-06
909,4.575319766998291,3.1682262420654297,3.225634372938657e-06,270.0344543457031,716.6115112304688,2.9694047043449245e-06,137.67672729492188,0.8471245765686035,5.441286702989601e-06,156.51992797851562,3.9645509719848633,6.678925274172798e-06,260.4107971191406,713.0816040039062,0.0005809698486700654,266.2232666015625,716.4080200195312,4.493257438298315e-05,2.6596550941467285,714.3756103515625,9.031256922753528e-06,2.729179859161377,-0.7838883399963379,2.2683163933834294e-06
910,252.9159698486328,715.1026611328125,6.190414751472417e-06,270.0344543457031,717.0952758789062,2.251872729175375e-06,248.58816528320312,711.1905517578125,6.04585056862561e-06,156.3765869140625,3.9645509719848633,1.2296765817154665e-05,260.13616943359375,713.0816040039062,0.0003640230861492455,266.2232666015625,716.4652709960938,7.443439972121269e-05,169.66827392578125,715.4635620117188,1.118350792239653e-05,3.4414052963256836,-0.29680395126342773,4.669320787797915e-06
911,4.575319766998291,3.30635404586792,3.091254029641277e-06,269.52166748046875,717.0952758789062,9.866072332442855e-07,137.67672729492188,0.8471245765686035,2.905701876443345e-06,156.3765869140625,4.040240287780762,1.1677690963551868e-05,258.6472473144531,712.93896484375,0.00025309965712949634,260.76678466796875,716.4080200195312,2.1997520889271982e-05,2.6596550941467285,715.4635620117188,8.42251847643638e-06,2.729179859161377,-0.29680395126342773,2.7869771201949334e-06
912,4.575319766998291,3.30635404586792,2.4226828827522695e-06,269.52166748046875,717.0952758789062,4.985613486496732e-06,137.67672729492188,0.8471245765686035,9.384168151882477e-06,156.3765869140625,4.12774658203125,8.099697879515588e-06,260.13616943359375,710.695068359375,0.0025814822874963284,264.65966796875,716.3883666992188,0.00017305616347584873,2.6596550941467285,715.4635620117188,1.591112231835723e-05,2.729179859161377,-0.29680395126342773,3.370980266481638e-06
913,252.9159698486328,716.4290771484375,3.402710717637092e-06,269.52166748046875,717.0746459960938,1.3259303841550718e-06,249.39320373535156,713.659423828125,4.604208697855938e-06,156.3765869140625,4.248025417327881,1.9806715499726124e-05,260.4107971191406,710.6552734375,1.9516577594913542e-05,264.65966796875,716.3883666992188,2.082135688397102e-05,260.9361572265625,714.3900756835938,8.920628715713974e-06,253.23260498046875,708.4776000976562,4.1164880713040475e-06
914,268.5727844238281,716.4290771484375,9.360785952594597e-06,269.9388122558594,716.8556518554688,1.148894261859823e-05,249.39320373535156,713.659423828125,7.594060662086122e-06,156.3824920654297,4.525632381439209,2.649956149980426e-05,264.739990234375,710.5509643554688,0.005486773326992989,264.65966796875,715.9028930664062,7.542896491941065e-05,260.9361572265625,713.8497924804688,3.5206561733502895e-05,253.23260498046875,708.4776000976562,2.6987851015292108e-05
915,270.2958679199219,715.1549682617188,1.061744933394948e-05,270.2521667480469,716.8556518554688,3.668380304588936e-05,137.47486877441406,0.5746707916259766,2.276553823321592e-05,156.48483276367188,4.525632381439209,3.077911969739944e-05,264.739990234375,710.6552734375,0.00451582670211792,266.2794494628906,715.6796875,0.00043665478006005287,265.4332580566406,713.8497924804688,5.640776362270117e-05,267.91082763671875,708.4776000976562,2.2731779608875513e-05
916,270.2958679199219,715.1549682617188,3.1301603939937195e-06,270.2521667480469,716.8556518554688,2.4681769446033286e-06,137.47486877441406,0.9839990139007568,1.1021576938219368e-05,156.48483276367188,4.525632381439209,3.9055608795024455e-05,264.739990234375,710.695068359375,0.00019942921062465757,266.2794494628906,715.6796875,2.7683268854161724e-05,265.4332580566406,713.8497924804688,1.0133884643437341e-05,267.91082763671875,708.4776000976562,5.723361027776264e-06
917,268.5727844238281,699.9165649414062,3.6504006857285276e-06,270.2521667480469,717.0746459960938,3.3945073028007755e-06,137.08021545410156,0.9839990139007568,8.013078513613436e-06,156.48483276367188,4.272525787353516,2.918142854468897e-05,261.32354736328125,712.2063598632812,0.0054546319879591465,266.5346984863281,715.6796875,0.0003034555702470243,169.8031005859375,3.882861375808716,1.4079919310461264e-05,268.1888732910156,708.9087524414062,1.075574618880637e-05
918,269.2977294921875,699.9165649414062,3.4325132673984626e-06,270.5152587890625,715.6580810546875,1.3003962067159591e-06,137.08021545410156,0.9839990139007568,3.6699343581858557e-06,156.48483276367188,4.272525787353516,7.718335837125778e-06,261.1003723144531,712.2063598632812,8.038411033339798e-05,266.5346984863281,715.9028930664062,2.0833531380048953e-05,169.8031005859375,3.882861375808716,6.519538146676496e-06,267.94354248046875,708.9087524414062,3.655654381873319e-06
919,4.381911277770996,3.0303056240081787,3.711682211360312e-06,270.5152587890625,716.8155517578125,1.9719698229891947e-06,0.5846920013427734,0.9839990139007568,4.699157216236927e-06,156.48483276367188,4.272525787353516,9.630986824049614e-06,261.0195617675781,712.8889770507812,0.000508571567479521,263.9694519042969,715.6796875,2.3233915271703154e-05,264.6734924316406,714.0225219726562,7.218881819426315e-06,267.94354248046875,714.517333984375,4.2070241761393845e-06
920,4.381911277770996,3.0303056240081787,4.0668855945114046e-05,272.01348876953125,715.6580810546875,4.5562032028101385e-05,0.5846920013427734,1.324125051498413,1.0144704901904333e-05,156.445556640625,4.439996242523193,2.152436354663223e-05,261.1003723144531,712.8889770507812,0.019607719033956528,263.9694519042969,716.7747192382812,0.0002717882161960006,2.628164768218994,714.0225219726562,3.563449718058109e-05,267.94354248046875,714.517333984375,1.113794405682711e-05
921,269.2977294921875,714.5294189453125,3.812696604654775e-06,272.01348876953125,716.2128295898438,2.787753146549221e-06,247.27523803710938,710.9811401367188,4.253522547514876e-06,156.445556640625,4.439996242523193,1.044599775923416e-05,260.6863708496094,712.8797607421875,0.0006339006940834224,266.5346984863281,716.7747192382812,2.3631158910575323e-05,264.6734924316406,715.8527221679688,1.2547586266009603e-05,267.94354248046875,714.517333984375,1.4957998246245552e-05
922,269.2977294921875,714.5294189453125,5.606440481642494e-06,272.01348876953125,715.6580810546875,2.5815722892730264e-06,248.4474639892578,710.9811401367188,7.010534318396822e-06,156.4428253173828,4.439996242523193,1.7679052689345554e-05,260.6863708496094,712.8797607421875,0.0005514351651072502,263.9694519042969,716.1490478515625,4.5907541789347306e-05,264.6734924316406,715.941162109375,6.8427439146034885e-06,79.55404663085938,710.8265380859375,5.170076292415615e-06
923,4.381911277770996,2.947784900665283,2.705892711674096e-06,269.8662414550781,714.4202880859375,4.318598257668782e-06,248.54237365722656,710.9811401367188,4.947825345880119e-06,156.4428253173828,4.070789813995361,7.933490451250691e-06,261.2647705078125,712.8797607421875,0.0014584963209927082,263.9694519042969,715.159912109375,0.0001135598577093333,155.62591552734375,715.941162109375,1.9216387954656966e-05,78.1205825805664,708.5031127929688,5.80486303078942e-05
924,286.73675537109375,714.5294189453125,2.5899444153765216e-06,269.8662414550781,714.4202880859375,8.706538210390136e-07,248.54237365722656,710.9811401367188,4.272223577572731e-06,156.445556640625,4.070789813995361,5.354241693567019e-06,261.2647705078125,712.23681640625,3.766527879633941e-05,265.0557861328125,716.1490478515625,1.2268199498066679e-05,155.62591552734375,715.941162109375,5.5356722441501915e-06,78.1205825805664,708.5031127929688,2.342463858440169e-06
925,268.8974609375,714.7356567382812,3.1675408536102623e-06,269.8662414550781,716.2128295898438,1.0042726898973342e-06,248.54237365722656,710.5235595703125,6.358506198012037e-06,156.4051971435547,4.070789813995361,2.3737837182125077e-05,261.2647705078125,712.23681640625,4.593219273374416e-05,265.0557861328125,716.1490478515625,1.495072319812607e-05,266.47613525390625,715.2141723632812,4.849238848692039e-06,78.1205825805664,709.0126342773438,3.107715201622341e-06
926,268.8974609375,714.7356567382812,3.2531661418033764e-06,269.4213562011719,716.7178344726562,2.8646745704463683e-06,248.54237365722656,710.5235595703125,5.152970970812021e-06,156.48623657226562,4.272405624389648,1.278812123928219e-05,261.2647705078125,712.529296875,0.00027672480791807175,265.0557861328125,716.07177734375,4.43876524514053e-05,266.47613525390625,715.2141723632812,1.0216238479188178e-05,268.4896240234375,708.6806030273438,4.983541202818742e-06
927,268.8974609375,714.7356567382812,4.8545562094659545e-06,270.3584289550781,716.7178344726562,5.080945356894517e-06,248.54237365722656,710.34326171875,5.38796621185611e-06,156.56484985351562,4.272405624389648,1.8899030692409724e-05,261.1688232421875,712.529296875,0.001030750572681427,265.123046875,716.1909790039062,6.307406874839216e-05,266.6446533203125,715.2141723632812,2.5786939659155905e-05,268.6390075683594,708.6806030273438,8.422583050560206e-06
928,268.8974609375,714.7356567382812,1.2195734598208219e-05,271.2394714355469,716.7178344726562,9.896322808344848e-06,265.7055969238281,710.34326171875,7.869980436225887e-06,156.56484985351562,4.416327476501465,1.829370012274012e-05,261.1688232421875,712.74658203125,0.001763172447681427,265.123046875,716.1909790039062,0.0002825138799380511,266.6446533203125,715.2141723632812,2.844544724212028e-05,268.6390075683594,708.6806030273438,1.233887996932026e-05
929,5.130317211151123,3.7150275707244873,3.216805225747521e-06,270.3584289550781,716.3397827148438,5.129847522766795e-06,265.7055969238281,710.34326171875,6.2141575654095504e-06,156.4051971435547,4.272405624389648,1.9347773559275083e-05,261.1688232421875,713.2192993164062,0.0019787654746323824,265.123046875,716.07177734375,0.00035041937371715903,266.6446533203125,714.8772583007812,1.3373189176490996e-05,268.4896240234375,708.52099609375,6.9734132921439596e-06
930,4.610832214355469,3.4615650177001953,3.905584435415221e-06,269.4213562011719,716.1187133789062,1.914844006023486e-06,265.7055969238281,710.34326171875,8.74265970196575e-06,156.56484985351562,4.192575454711914,9.52056325331796e-06,261.1688232421875,713.2192993164062,4.901009742752649e-05,5.201589107513428,2.6360907554626465,2.0670995581895113e-05,-1.3409910202026367,3.890094041824341,6.94626623953809e-06,2.863257646560669,-0.40311670303344727,5.131569650984602e-06
931,4.610832214355469,3.4615650177001953,3.5270034004497575e-06,270.3584289550781,714.8534545898438,1.0694413958844962e-06,296.9744567871094,710.34326171875,4.751135747937951e-06,156.56484985351562,4.192575454711914,2.9615425773954485e-06,266.081298828125,713.2192993164062,6.618670158786699e-05,4.926408767700195,2.138646125793457,1.7634514733799733e-05,-1.3409910202026367,3.890094041824341,6.202996701176744e-06,2.6908152103424072,-0.5243082046508789,4.010108568763826e-06
932,4.610832214355469,3.4615650177001953,5.9065428104077e-06,293.2026672363281,714.8534545898438,2.2968806661083363e-06,296.9744567871094,710.5067138671875,7.567577995359898e-06,156.6577606201172,4.192575454711914,4.530191290541552e-06,266.081298828125,713.2192993164062,6.868514174129814e-05,4.926408767700195,2.138646125793457,2.933914220193401e-05,-1.3409910202026367,3.890094041824341,9.929751286108512e-06,2.6908152103424072,-0.5243082046508789,6.851533271401422e-06
933,4.610832214355469,3.1814627647399902,5.608707851934014e-06,1.6222825050354004,-2.3534913063049316,3.7692373098252574e-06,0.7393951416015625,0.805772066116333,5.450947355711833e-06,156.6577606201172,4.048191070556641,6.393713647412369e-06,260.8262634277344,713.2192993164062,0.0001574691414134577,4.34876823425293,2.138646125793457,1.90539412869839e-05,-1.3409910202026367,4.0816569328308105,1.0109443792316597e-05,2.6908152103424072,-0.40311670303344727,4.511139650276164e-06
934,4.456654071807861,3.918707847595215,2.5625820399000077e-06,270.48785400390625,714.8534545898438,1.4258757801144384e-06,137.3555908203125,0.7583208084106445,5.992586011416279e-06,156.6577606201172,4.192575454711914,2.0123379727010615e-05,261.8046875,713.393798828125,0.0010461071506142616,4.652175426483154,2.2397236824035645,2.479536851751618e-05,3.280238151550293,712.0447998046875,7.300646302610403e-06,2.6908152103424072,-0.3937554359436035,2.4581088382547023e-06
935,4.456654071807861,3.918707847595215,3.7532822716457304e-06,270.48785400390625,714.8534545898438,1.7322666963082156e-06,137.3555908203125,0.8578672409057617,4.532671482593287e-06,156.50848388671875,4.048191070556641,7.266832199093187e-06,261.8046875,713.393798828125,3.303089761175215e-05,4.926408767700195,2.7751638889312744,2.093454713758547e-05,3.280238151550293,712.0447998046875,7.601647212140961e-06,2.6908152103424072,-0.3914914131164551,3.782250132644549e-06
936,4.261669158935547,3.7415313720703125,3.4461418181308545e-06,270.0079650878906,715.6724243164062,1.1542330184965977e-06,137.3555908203125,0.8578672409057617,5.345160388969816e-06,156.45809936523438,4.010958194732666,9.721169590193313e-06,260.17132568359375,713.393798828125,9.157936437986791e-05,5.302048206329346,2.839536666870117,1.481499657529639e-05,3.280238151550293,712.0447998046875,7.671107596252114e-06,267.9071350097656,708.2879028320312,3.6318197089713067e-06
937,4.261669158935547,3.0983128547668457,7.124811418179888e-06,270.0079650878906,716.3951416015625,2.3441712073690724e-06,0.6384029388427734,0.7583208084106445,8.308499673148617e-06,156.45809936523438,4.010958194732666,2.0246769054210745e-05,260.33087158203125,713.393798828125,8.299370529130101e-05,5.302048206329346,2.839536666870117,2.6016188712674193e-05,75.37589263916016,712.0447998046875,8.774274647294078e-06,267.9071350097656,708.8026733398438,8.451468602288514e-06
938,4.324667930603027,3.7415313720703125,3.4602596770128002e-06,270.48785400390625,716.6740112304688,4.680225629272172e-06,137.3555908203125,0.8578672409057617,6.310234311968088e-06,156.50848388671875,4.010958194732666,1.3732688785239588e-05,261.8046875,713.26123046875,0.0014153193915262818,264.5113525390625,716.660400390625,0.00019484154472593218,266.3886413574219,715.2861328125,1.3912237591284793e-05,267.9071350097656,709.0621948242188,8.002632057468873e-06
939,4.324667930603027,3.7415313720703125,3.614618890424026e-06,270.4092102050781,716.6740112304688,4.537948370852973e-06,136.9583740234375,0.8578672409057617,4.206297944620019e-06,156.58958435058594,4.010958194732666,1.4559729606844485e-05,261.45172119140625,712.6914672851562,0.0015538757434114814,264.63873291015625,716.7208862304688,3.2195192034123465e-05,266.4477844238281,715.2861328125,1.0153009498026222e-05,268.183349609375,708.8391723632812,5.157307441550074e-06
940,269.22503662109375,700.5745239257812,1.0987133464368526e-05,271.0312194824219,717.191650390625,6.7867936195398215e-06,137.7254638671875,0.5346012115478516,5.701684131054208e-06,156.58958435058594,4.2304511070251465,1.5203358998405747e-05,261.45172119140625,712.6914672851562,0.0019281546119600534,265.173095703125,716.87841796875,5.999047061777674e-05,266.6643981933594,715.2861328125,1.9121622244711034e-05,268.183349609375,709.0621948242188,1.9338565834914334e-05
941,272.7008056640625,714.2799682617188,4.201290721539408e-06,271.0312194824219,717.191650390625,3.589994321373524e-06,136.9583740234375,0.5346012115478516,4.4895391511090565e-06,171.1228790283203,4.2304511070251465,1.5811396224307828e-05,261.45172119140625,712.5313110351562,0.0012912348611280322,265.6022033691406,716.7208862304688,0.00010211126937065274,266.4477844238281,715.2861328125,1.8464714230503887e-05,267.85809326171875,708.8391723632812,1.9490908016450703e-05
942,272.7008056640625,714.2799682617188,6.274380211834796e-06,270.5858154296875,717.191650390625,2.3645898181712255e-06,137.7254638671875,0.20604848861694336,6.976340500841616e-06,171.1228790283203,4.2304511070251465,1.706409966573119e-05,261.45172119140625,712.6914672851562,0.00020273434347473085,265.6022033691406,716.7208862304688,1.612705636944156e-05,266.3886413574219,715.5233764648438,8.94217737368308e-06,267.603271484375,708.8391723632812,6.199117706273682e-06
943,272.7008056640625,714.2799682617188,4.959375928592635e-06,270.4092102050781,716.4883422851562,1.953749006133876e-06,137.7254638671875,0.20604848861694336,3.2919779187068343e-06,171.1228790283203,4.2304511070251465,3.992083293269388e-06,261.1749267578125,712.6914672851562,0.000484161835629493,266.08551025390625,716.7208862304688,6.934188422746956e-05,266.6643981933594,715.9888916015625,4.8846677600522526e-06,267.603271484375,708.8391723632812,2.8556214601849206e-06
944,267.6921691894531,714.2799682617188,2.8954473236808553e-06,270.0540771484375,716.2876586914062,7.977737368491944e-07,152.0038604736328,1.2850980758666992,4.219355105306022e-06,156.876220703125,4.2304511070251465,2.481448245816864e-05,260.9224853515625,712.3688354492188,2.548525844758842e-05,266.34686279296875,716.6643676757812,1.1414308573876042e-05,266.8992004394531,715.9888916015625,7.5662005656340625e-06,155.56642150878906,1.7071433067321777,3.968915734731127e-06
945,4.711886882781982,3.691258430480957,2.490753831807524e-05,269.838623046875,716.2456665039062,6.508542719529942e-05,248.13595581054688,709.35546875,3.7846388295292854e-05,156.876220703125,4.107280731201172,5.976013926556334e-05,260.9224853515625,712.3688354492188,0.027282878756523132,266.08551025390625,716.0568237304688,0.0015260385116562247,2.8406996726989746,715.9888916015625,0.00010334701801184565,3.5248403549194336,-0.27800989151000977,5.3017101890873164e-05
946,4.711886882781982,3.2995877265930176,3.2587245186732616e-06,269.838623046875,712.6434936523438,6.173489055072423e-06,266.90911865234375,710.8677368164062,5.964943738945294e-06,156.6177978515625,4.405047416687012,1.21912107715616e-05,261.1749267578125,712.3688354492188,0.004692148417234421,5.196375370025635,2.104501485824585,0.00014431406452786177,72.40945434570312,715.4517822265625,9.151134690910112e-06,68.2168960571289,1.7071433067321777,2.830800667652511e-06
947,4.711886882781982,3.0702877044677734,3.3358849123032996e-06,269.838623046875,706.6322631835938,1.366447463624354e-06,266.90911865234375,710.8677368164062,4.315325895731803e-06,156.5610809326172,4.502394676208496,4.986578915122664e-06,261.1749267578125,712.3650512695312,8.05998788564466e-05,5.196375370025635,2.2804832458496094,1.6804437109385617e-05,72.40945434570312,714.3763427734375,5.725244591303635e-06,3.0196938514709473,-0.42500829696655273,3.2532191198697546e-06
948,4.711886882781982,3.0702877044677734,3.426786406635074e-06,270.0540771484375,706.6322631835938,1.2712009720416972e-06,296.9535827636719,710.4605102539062,6.518487225548597e-06,156.5610809326172,4.460540294647217,2.2474798242910765e-05,261.3478698730469,711.3756103515625,0.0001339210575679317,5.196375370025635,2.2804832458496094,2.0124358343309723e-05,72.40945434570312,714.3763427734375,1.6368259821319953e-05,3.0196938514709473,-0.42500829696655273,2.1934383767074905e-05
949,5.3281402587890625,3.2995877265930176,5.904503723286325e-06,1.6510777473449707,-2.2203598022460938,1.9995675302197924e-06,296.9535827636719,709.35546875,6.888346433697734e-06,156.5610809326172,4.460540294647217,2.4275481337099336e-05,261.3478698730469,710.2603149414062,0.00011617163545452058,5.0785603523254395,2.1655640602111816,3.3738029742380604e-05,2.8805744647979736,714.3763427734375,8.720783625904005e-06,3.0196938514709473,-0.42500829696655273,5.8488803915679455e-06
950,5.3281402587890625,3.2995877265930176,3.985893727076473e-06,269.9415588378906,706.6322631835938,3.7453301047207788e-06,137.84793090820312,0.0709390640258789,6.881807166791987e-06,156.5860137939453,4.460540294647217,2.1816766093252227e-05,260.2503662109375,710.2603149414062,0.00021943659521639347,5.196375370025635,2.2804832458496094,3.305802965769544e-05,72.40945434570312,714.3763427734375,1.1162005648657214e-05,3.0196938514709473,-0.42500829696655273,6.4145033320528455e-06
951,4.8019561767578125,3.2109405994415283,5.170657914277399e-06,1.4180960655212402,-2.2203598022460938,1.6300602965202415e-06,137.5736846923828,0.0709390640258789,6.400491656677332e-06,156.5860137939453,4.328035831451416,2.1470732463058084e-05,260.2503662109375,711.3756103515625,2.243383278255351e-05,264.2362365722656,716.1780395507812,3.073782136198133e-05,2.8805744647979736,4.189491271972656,8.658548722451087e-06,3.017052412033081,-0.5026473999023438,4.439173153514275e-06
952,4.8019561767578125,3.2109405994415283,2.48309788730694e-06,269.9415588378906,714.7446899414062,1.81960297140904e-06,137.84793090820312,0.8704819679260254,3.204487256880384e-06,156.5860137939453,4.242015838623047,1.107441585190827e-05,261.0841369628906,712.5413818359375,0.00026045969570986927,266.8044128417969,717.1414184570312,3.911778549081646e-05,170.2595672607422,715.2093505859375,5.866298124601599e-06,3.017052412033081,-0.5026473999023438,2.175605459342478e-06
953,4.8019561767578125,3.2109405994415283,4.0698141674511135e-06,269.9415588378906,715.8096313476562,1.3147554227543878e-06,137.61802673339844,0.0525665283203125,4.855222869082354e-06,156.44024658203125,4.2411112785339355,8.102192623482551e-06,260.2503662109375,712.5413818359375,8.85298868524842e-05,266.8044128417969,716.200439453125,2.0068298908881843e-05,170.2595672607422,714.838134765625,7.319161341001745e-06,3.017052412033081,-0.5026473999023438,5.2970635806559585e-06
954,4.614775657653809,3.1502628326416016,2.087804659822723e-06,271.7561340332031,715.9293212890625,9.327621910415473e-07,137.84793090820312,0.8704819679260254,4.595790414896328e-06,156.4249725341797,4.113217830657959,1.1393296517780982e-05,260.2503662109375,712.5413818359375,8.032380719669163e-05,266.8044128417969,716.200439453125,2.0948447854607366e-05,253.02120971679688,714.838134765625,6.692288934573298e-06,3.017052412033081,-0.7731490135192871,4.134160917601548e-06
955,4.5212554931640625,3.2109405994415283,2.2996882762527093e-06,271.7561340332031,715.8096313476562,1.36399717121094e-06,152.53851318359375,0.8704819679260254,4.292238372727297e-06,156.4249725341797,4.0699310302734375,1.193943990074331e-05,259.3352966308594,712.5413818359375,0.00027458291151560843,260.54827880859375,717.1414184570312,3.460553125478327e-05,253.02120971679688,714.838134765625,9.161787602351978e-06,2.7936129570007324,-0.7731490135192871,1.9324054392200196e-06
956,4.5212554931640625,3.18924617767334,2.917950951086823e-06,271.7561340332031,715.8096313476562,1.6814734635772766e-06,152.53851318359375,0.40479135513305664,4.093875304533867e-06,156.32315063476562,4.0699310302734375,7.565905434603337e-06,259.30462646484375,712.35009765625,0.0003542068006936461,259.87811279296875,716.200439453125,7.263707084348425e-05,253.02120971679688,714.838134765625,1.0377366379543673e-05,2.7936129570007324,-0.4175996780395508,3.2025659493228886e-06
957,4.614775657653809,3.2307114601135254,2.8249296519788913e-06,271.7561340332031,1.4300098419189453,9.876032436295645e-07,137.61802673339844,0.40479135513305664,4.199412160232896e-06,156.28717041015625,4.2003278732299805,2.28671506192768e-05,259.30462646484375,712.35009765625,0.00028904317878186703,259.87811279296875,716.200439453125,1.9834653357975185e-05,3.0734148025512695,714.838134765625,5.521073944692034e-06,2.7936129570007324,-0.8143491744995117,3.1685381145507563e-06
958,4.614775657653809,3.2307114601135254,8.192376299120951e-06,271.7561340332031,1.4300098419189453,3.4170418530266033e-06,1.043666124343872,0.5367105007171631,9.23542302189162e-06,156.32315063476562,4.2003278732299805,1.6925690943025984e-05,259.3352966308594,712.6533813476562,2.9346389055717736e-05,260.54827880859375,716.6838989257812,4.087075649295002e-05,-1.4046602249145508,3.899268627166748,1.4567978723789565e-05,2.7936129570007324,-0.8143491744995117,8.210506166506093e-06
959,4.310567378997803,3.3943746089935303,2.719202257139841e-06,1.6869635581970215,-2.1643848419189453,1.0562937404756667e-06,0.536372184753418,0.5367105007171631,3.447301878622966e-06,156.4332275390625,4.2003278732299805,1.3637455595016945e-05,259.8857116699219,712.9667358398438,4.524793257587589e-05,259.87811279296875,716.6838989257812,1.627617166377604e-05,-1.4046602249145508,3.899268627166748,5.1535757847887e-06,2.5799036026000977,-0.5609946250915527,3.090131031058263e-06
960,4.618257522583008,3.5592777729034424,6.1688692767347675e-06,292.3296813964844,1.4300098419189453,3.1963108995114453e-06,0.536372184753418,0.719059944152832,5.976035481580766e-06,156.4332275390625,4.2003278732299805,1.0576914064586163e-05,260.3962097167969,712.6533813476562,0.0005642278701998293,265.89825439453125,715.75634765625,6.816087989136577e-05,2.6630067825317383,715.6162719726562,1.1876006283273455e-05,3.1745316982269287,-0.4175996780395508,7.45142779123853e-06
961,269.6723327636719,714.4823608398438,3.731568313014577e-06,292.3296813964844,713.9479370117188,1.2042090702379937e-06,0.536372184753418,0.719059944152832,4.313239514885936e-06,156.4495849609375,4.2003278732299805,1.583019366080407e-05,260.439208984375,712.6533813476562,0.00019875116413459182,266.2508239746094,715.7947387695312,1.882632204797119e-05,3.0734148025512695,716.1222534179688,5.321188837115187e-06,3.1745316982269287,-0.5609946250915527,3.911544354195939e-06
962,269.6723327636719,714.4823608398438,4.842727321374696e-06,271.9139404296875,714.7904663085938,2.4167777610273333e-06,152.77108764648438,1.4782366752624512,5.3100970944797155e-06,156.54721069335938,4.266354560852051,1.4819078387517948e-05,260.439208984375,712.555419921875,0.00013449527614284307,266.2508239746094,715.7947387695312,0.00010556175402598456,3.267577648162842,715.9425659179688,1.305978003074415e-05,268.8627624511719,708.5787353515625,4.343595719547011e-06
963,268.693115234375,714.4823608398438,4.212066414766014e-06,270.9232482910156,715.58154296875,2.7829321425087983e-06,248.50994873046875,710.0697021484375,3.2178672881855164e-06,156.4495849609375,4.1206746101379395,1.4819122043263633e-05,260.3962097167969,712.51611328125,0.000552120734937489,266.2508239746094,715.7947387695312,2.063445936073549e-05,260.9820251464844,715.9425659179688,5.980168680252973e-06,268.3434143066406,708.5787353515625,2.3648469777981518e-06
964,268.693115234375,714.4823608398438,3.360522441653302e-06,270.9232482910156,715.58154296875,5.614460405922728e-06,248.50994873046875,710.0697021484375,1.2784546925104223e-05,156.54721069335938,4.266354560852051,2.3618475097464398e-05,260.439208984375,711.8785400390625,0.0008623502217233181,266.2508239746094,715.7947387695312,0.00028004031628370285,260.9820251464844,715.6162719726562,1.5718558643129654e-05,268.3434143066406,708.5787353515625,8.060068466875236e-06
965,4.5435991287231445,3.682252883911133,5.72924818698084e-06,268.2769775390625,715.58154296875,1.180966410174733e-05,152.94955444335938,0.6580429077148438,7.545103017037036e-06,156.54721069335938,4.266354560852051,2.8606656996998936e-05,260.439208984375,711.8785400390625,0.0018715327605605125,264.6244812011719,715.7947387695312,0.0001107354910345748,155.742431640625,714.9738159179688,1.4286608347902074e-05,81.03092956542969,713.6588134765625,4.2611964090610854e-06
966,4.5435991287231445,3.6813323497772217,6.91015156917274e-06,268.2769775390625,706.7665405273438,2.23677284338919e-06,152.94955444335938,0.6580429077148438,7.39426559448475e-06,156.37379455566406,4.1794819831848145,1.2532577784440946e-05,260.6629638671875,711.8785400390625,0.00010186648432863876,264.6244812011719,715.8485717773438,3.2961732358671725e-05,155.742431640625,714.9738159179688,1.0285696589562576e-05,155.8206024169922,713.6588134765625,7.187200480984757e-06
967,4.71429443359375,3.6813323497772217,1.7367066220685956e-06,270.01995849609375,706.7665405273438,7.410929470097471e-07,152.4287109375,0.05344128608703613,3.994131930085132e-06,156.37379455566406,4.1206746101379395,1.715838698146399e-05,260.5517883300781,712.5897216796875,7.231003837659955e-05,264.6244812011719,716.2211303710938,9.074069566850085e-06,155.742431640625,714.9738159179688,6.359713552228641e-06,155.8206024169922,708.7769775390625,3.278671783846221e-06
968,4.71429443359375,3.412271738052368,2.729720108618494e-06,154.45867919921875,3.391145706176758,1.6393753412557999e-06,137.71405029296875,-0.044467926025390625,5.862786110810703e-06,156.37379455566406,4.06144905090332,1.2218237316119485e-05,260.6629638671875,712.5897216796875,0.00023593439254909754,5.178774833679199,2.2778172492980957,1.2739686098939274e-05,155.742431640625,715.1991577148438,6.498129550891463e-06,81.03092956542969,1.7703828811645508,3.7269983295118436e-06
969,4.71429443359375,2.7133407592773438,1.807906528483727e-06,252.6971893310547,706.7665405273438,3.2431978524982696e-06,152.4287109375,-0.044467926025390625,3.633042751971516e-06,156.31292724609375,4.06144905090332,1.6612291801720858e-05,260.5517883300781,712.5897216796875,0.00043389733764342964,259.71917724609375,716.5565795898438,3.7473531847354025e-05,267.5745849609375,715.24267578125,7.900194759713486e-06,155.8206024169922,708.7244873046875,5.470528776641004e-06
970,4.71429443359375,2.7133407592773438,4.2695069168985356e-06,270.01995849609375,716.473388671875,1.1687379810609855e-06,137.71405029296875,-0.044467926025390625,4.4606167648453265e-06,156.31292724609375,3.9994609355926514,1.3553557437262498e-05,260.5517883300781,712.3626098632812,8.23564623715356e-05,259.71917724609375,716.5565795898438,1.901534960779827e-05,267.5745849609375,715.24267578125,5.597838480753126e-06,155.8206024169922,1.7703828811645508,3.333591621412779e-06
971,5.0166473388671875,2.7133407592773438,2.2937458652450005e-06,270.01995849609375,716.8694458007812,1.7531859839436947e-06,138.00189208984375,-0.044467926025390625,1.0640601431077812e-05,156.33580017089844,3.9994609355926514,1.3523447705665603e-05,260.5517883300781,712.3626098632812,0.00324096716940403,259.71917724609375,716.5565795898438,4.163531411904842e-05,267.5745849609375,715.1991577148438,7.95070627646055e-06,3.5032479763031006,-1.0854125022888184,3.2359930628445e-06
972,4.476650238037109,2.7133407592773438,3.425371687626466e-06,271.4749755859375,716.473388671875,1.7012941952998517e-06,137.71405029296875,0.03397655487060547,3.4192553357570432e-06,156.33580017089844,3.7128584384918213,8.633581273898017e-06,260.26910400390625,712.3626098632812,0.00024119440058711916,259.71917724609375,716.4786376953125,1.3584329281002283e-05,169.8544921875,713.7660522460938,8.293142855109181e-06,2.860485553741455,-1.1142373085021973,3.3169810649269493e-06
973,4.460572242736816,2.9089670181274414,2.882954731830978e-06,271.4749755859375,716.473388671875,1.917729605338536e-06,137.22499084472656,0.7923312187194824,5.2294581109890714e-06,156.36114501953125,3.7795140743255615,1.7988904801313765e-05,260.26910400390625,712.4297485351562,0.00018196260498370975,259.71917724609375,716.4786376953125,2.1226405806373805e-05,75.36176300048828,3.7189743518829346,8.390762559429277e-06,2.808912515640259,-1.1142373085021973,2.692160478545702e-06
974,4.476650238037109,3.0853984355926514,2.9689117582165636e-06,271.4749755859375,716.473388671875,1.4707254649692914e-06,137.22499084472656,0.7923312187194824,3.516866399877472e-06,156.3819580078125,3.7795140743255615,1.2401534149830695e-05,260.92578125,712.6314697265625,0.00014002448006067425,260.4161376953125,716.4786376953125,2.565250360930804e-05,75.36176300048828,3.7189743518829346,3.79686571250204e-06,2.808912515640259,-1.1142373085021973,3.1053541533765383e-06
975,4.476650238037109,3.0853984355926514,4.273201284377137e-06,271.2932434082031,715.6679077148438,1.6063734165072674e-06,0.9034121036529541,1.108365535736084,5.1186907512601465e-06,156.5402374267578,3.9698050022125244,1.0085254871228244e-05,260.92578125,713.9035034179688,3.0483937734970823e-05,260.4161376953125,716.4786376953125,2.6647076083463617e-05,-1.5671157836914062,3.537487745285034,7.547758286818862e-06,2.808912515640259,-0.6352319717407227,4.536767391982721e-06
976,4.476650238037109,3.0853984355926514,6.7363557718636e-06,271.2932434082031,715.6679077148438,6.603979272767901e-06,0.9034121036529541,1.108365535736084,6.662740361207398e-06,156.5402374267578,3.9698050022125244,2.279247564729303e-05,260.75390625,712.7271118164062,0.00406905310228467,264.76580810546875,715.2660522460938,7.634700159542263e-05,-1.5671157836914062,3.7189743518829346,1.557991527079139e-05,2.860485553741455,-0.12663841247558594,6.926514288352337e-06
977,4.377620697021484,2.9089670181274414,4.997581072530011e-06,271.2932434082031,715.9257202148438,1.8406553863314912e-06,137.54676818847656,1.1374289989471436,5.650153070746455e-06,156.5402374267578,3.9698050022125244,1.8305829144082963e-05,261.3434143066406,712.7271118164062,0.0002593562239781022,4.897335529327393,2.4470009803771973,2.84147281490732e-05,73.93984985351562,713.6161499023438,7.0939695433480665e-06,68.90857696533203,708.4910278320312,5.4669453675160185e-06
978,268.8513488769531,714.3099975585938,3.9163219298643526e-06,271.2932434082031,716.8627319335938,3.666016255010618e-06,247.81529235839844,711.3303833007812,4.152249402977759e-06,156.68545532226562,4.057268142700195,1.2195594536024146e-05,261.3434143066406,712.6314697265625,0.0008426471031270921,264.76580810546875,715.2660522460938,5.8460995205678046e-05,266.6504211425781,714.39892578125,9.02116789802676e-06,268.5275573730469,708.4910278320312,4.182330030744197e-06
979,4.887692451477051,2.6844964027404785,2.9215345875854837e-06,271.5870361328125,715.9257202148438,1.7417055460100528e-06,265.44268798828125,710.7501831054688,4.945786713506095e-06,156.74559020996094,3.9698050022125244,7.215825462481007e-06,260.8021240234375,712.7271118164062,7.31670152163133e-05,4.897335529327393,2.4470009803771973,1.472930125601124e-05,73.93984985351562,714.39892578125,7.83216910349438e-06,68.90857696533203,708.3252563476562,3.7025608889962314e-06
980,4.887692451477051,3.0882108211517334,8.19506385596469e-06,271.5870361328125,716.8627319335938,8.884528142516501e-06,265.44268798828125,710.7501831054688,8.018131666176487e-06,156.74559020996094,4.057268142700195,2.3029315343592316e-05,261.867919921875,711.9252319335938,0.0019051262643188238,264.68536376953125,715.2660522460938,0.00028281574486754835,73.93984985351562,714.39892578125,1.348826026514871e-05,68.90857696533203,708.3252563476562,1.2244691788509954e-05
981,4.887692451477051,3.0882108211517334,2.4808657599351136e-06,293.28076171875,715.9257202148438,1.6040893342506024e-06,265.44268798828125,710.7501831054688,3.904802269971697e-06,156.49972534179688,3.9878294467926025,6.869990556879202e-06,261.867919921875,711.9252319335938,1.4143224689178169e-05,264.68536376953125,715.4473876953125,9.991390470531769e-06,73.93984985351562,714.6846313476562,7.834716598154046e-06,2.998891592025757,-0.19965028762817383,2.4645219127705786e-06
982,4.887692451477051,3.0882108211517334,5.313811016094405e-06,271.28619384765625,717.0421142578125,4.824735697184224e-06,137.35838317871094,0.850834846496582,7.444381935783895e-06,156.49972534179688,4.1101393699646,1.4206611012923531e-05,260.8021240234375,712.6868896484375,0.0005848740111105144,265.3860778808594,715.4473876953125,4.064164022565819e-05,2.771237373352051,714.6846313476562,9.932488865160849e-06,2.6883153915405273,-0.8066396713256836,6.532146471727174e-06
983,4.437216281890869,3.0882108211517334,4.311174961912911e-06,271.28619384765625,717.0421142578125,1.8329634485780844e-06,137.35838317871094,0.850834846496582,3.7024374250904657e-06,156.4866485595703,3.9878294467926025,7.398857633234002e-06,260.4993591308594,712.6868896484375,5.152803714736365e-05,264.68536376953125,715.4473876953125,3.9784619730198756e-05,2.771237373352051,715.386474609375,9.598500582796987e-06,2.6883153915405273,-0.8066396713256836,3.213864829376689e-06
984,4.214928150177002,3.1150331497192383,4.569001703202957e-06,270.1531066894531,717.0421142578125,3.508438112476142e-06,0.9598770141601562,0.850834846496582,5.746172973886132e-06,156.40280151367188,3.9878294467926025,8.434374649368692e-06,259.9020080566406,712.5650634765625,0.0005454900092445314,265.3860778808594,716.3204956054688,9.125707583734766e-05,170.25746154785156,3.798530101776123,8.882427209755406e-06,2.6883153915405273,-0.779355525970459,5.464594778459286e-06
985,4.437216281890869,3.951892614364624,3.647550784080522e-06,270.1531066894531,717.0828247070312,4.59017928733374e-06,0.9598770141601562,0.4799230098724365,7.823367923265323e-06,156.40280151367188,3.9878294467926025,1.6354153558495454e-05,259.82061767578125,712.6868896484375,0.0006749146850779653,266.170654296875,716.3204956054688,0.00011017799261026084,260.6158142089844,715.386474609375,2.5147213818854652e-05,2.6883153915405273,-0.779355525970459,6.851441412436543e-06
986,4.437216281890869,3.1982812881469727,3.5895764085580595e-06,270.1531066894531,717.0828247070312,2.228201310572331e-06,0.9598770141601562,1.3785269260406494,4.259388333593961e-06,156.4109649658203,4.1101393699646,1.0803796612890437e-05,259.82061767578125,712.6868896484375,0.000812746468000114,266.170654296875,716.8214111328125,5.798400525236502e-05,260.6158142089844,715.3091430664062,5.181077995075611e-06,2.7502031326293945,-0.6485676765441895,3.7950298974465113e-06
987,4.781965255737305,3.951892614364624,7.93487470218679e-06,270.3659362792969,716.6299438476562,3.0990850063972175e-06,136.8274688720703,1.3785269260406494,5.262507329462096e-06,156.4109649658203,4.063560962677002,1.769018308550585e-05,259.7096862792969,712.5650634765625,0.0011899961391463876,265.62225341796875,716.8214111328125,0.0003374121442902833,266.35845947265625,715.3091430664062,2.2383954274118878e-05,75.28913879394531,1.6705482006072998,4.441214514372405e-06
988,4.781965255737305,3.951892614364624,3.242508000766975e-06,271.1831359863281,716.3386840820312,2.7944956855208147e-06,136.8274688720703,1.3785269260406494,6.077256784919882e-06,156.4109649658203,4.121111869812012,8.811009138298687e-06,259.82061767578125,712.9388427734375,0.00026689894730225205,265.62225341796875,716.6497802734375,5.661286195390858e-05,266.35845947265625,715.2836303710938,7.402761184494011e-06,2.7502031326293945,-0.6485676765441895,4.055525096191559e-06
989,4.781965255737305,3.5058305263519287,3.8576322367589455e-06,271.1831359863281,716.5947875976562,3.6579626794264186e-06,136.8274688720703,1.929999828338623,5.182451786822639e-06,156.4830780029297,4.121111869812012,1.9569339201552793e-05,260.6711120605469,712.9388427734375,0.0007516823243349791,265.62225341796875,715.9762573242188,5.38511922059115e-05,266.7420959472656,715.2836303710938,1.06864563349518e-05,155.3426513671875,1.6705482006072998,4.338512098911451e-06
990,4.781965255737305,3.5058305263519287,2.298679646628443e-06,270.9503479003906,716.5947875976562,9.561020988257951e-07,136.8274688720703,1.929999828338623,4.4940757106815e-06,156.58694458007812,4.2010369300842285,7.876873496570624e-06,260.95452880859375,712.69482421875,1.5653784430469386e-05,265.62225341796875,716.6497802734375,9.135787877312396e-06,266.4410705566406,714.0950927734375,2.915847744588973e-06,267.9125061035156,707.5011596679688,2.790817688946845e-06
991,4.216041564941406,3.5058305263519287,2.754479055511183e-06,270.65478515625,716.5947875976562,2.198617721660412e-06,136.8274688720703,1.929999828338623,4.011382316093659e-06,156.4830780029297,4.063560962677002,1.6971756849670783e-05,261.14605712890625,712.69482421875,0.00028739171102643013,270.3349609375,716.6497802734375,3.244874460506253e-05,266.35845947265625,467.3919372558594,9.932173998095095e-05,155.3426513671875,1.6705482006072998,4.101996182725998e-06
992,4.216041564941406,3.5058305263519287,7.037395334918983e-06,270.89300537109375,716.9149169921875,6.301442226686049e-06,263.79010009765625,710.5775756835938,6.978495548537467e-06,156.58694458007812,4.2010369300842285,2.4467364710289985e-05,261.4425354003906,712.69482421875,0.002415378810837865,270.3349609375,716.7969360351562,5.0489154091337696e-05,265.450927734375,467.3919372558594,9.296652024204377e-06,266.7529602050781,707.5011596679688,8.616678314865567e-06
993,4.0180344581604,2.952237606048584,2.9629914024553727e-06,270.65478515625,716.9149169921875,1.0716303222579882e-06,152.49954223632812,1.929999828338623,4.0055488170764875e-06,156.58694458007812,4.2495036125183105,1.0680791092454456e-05,265.20416259765625,712.69482421875,9.072908142115921e-05,270.3349609375,716.7969360351562,3.0015491574886255e-05,265.450927734375,467.3919372558594,4.91395803692285e-06,266.7529602050781,707.5011596679688,3.300367779957014e-06
994,269.86614990234375,714.1512451171875,5.2814066293649375e-06,270.65478515625,716.9149169921875,3.801057346208836e-06,263.79010009765625,711.1193237304688,5.907133981963852e-06,156.58694458007812,4.2495036125183105,1.718511339277029e-05,265.20416259765625,712.4358520507812,8.237004658440128e-05,268.1950988769531,716.7969360351562,2.5626584829296917e-05,265.450927734375,714.0950927734375,1.486466862843372e-05,266.7529602050781,707.5011596679688,7.948082384245936e-06
995,269.86614990234375,714.1512451171875,2.4971066068246728e-06,270.89300537109375,715.066650390625,1.0441698350405204e-06,263.79010009765625,711.1193237304688,4.687908585765399e-06,156.51535034179688,4.158292770385742,1.7666208805167116e-05,261.4425354003906,712.6050415039062,5.321871503838338e-05,267.3720703125,716.2344360351562,1.9411958419368602e-05,265.450927734375,714.9498291015625,6.612183824472595e-06,155.21334838867188,1.9188714027404785,2.8291894977883203e-06
996,269.86614990234375,714.1512451171875,3.4784472973115044e-06,270.89300537109375,707.1957397460938,2.061241048068041e-06,152.49954223632812,0.1292858123779297,4.667241682909662e-06,156.5488739013672,4.2495036125183105,1.2805620826839004e-05,261.36773681640625,712.6050415039062,0.0006649407441727817,265.41326904296875,716.2304077148438,3.8209760532481596e-05,265.450927734375,714.9498291015625,5.405382580647711e-06,155.37518310546875,1.9188714027404785,4.133931724936701e-06
997,4.503091335296631,3.477843999862671,3.7594047626043903e-06,272.7203369140625,707.1957397460938,2.1047396785434103e-06,137.66114807128906,0.08755183219909668,5.992837486701319e-06,156.51535034179688,4.158292770385742,2.6996216547559015e-05,261.0294189453125,712.734130859375,0.0003424145106691867,265.41326904296875,716.2304077148438,5.201983731240034e-05,169.9076385498047,4.251977920532227,1.4393288438441232e-05,155.37518310546875,1.9188714027404785,2.9970178729854524e-06
998,268.195068359375,714.1512451171875,3.4952165606227936e-06,272.7203369140625,715.066650390625,1.0552929552432033e-06,137.66114807128906,0.1292858123779297,5.816928933199961e-06,156.50779724121094,4.072733402252197,3.527272929204628e-05,260.60009765625,712.6050415039062,9.707189747132361e-05,265.41326904296875,716.0808715820312,1.267905918211909e-05,267.2313232421875,714.9498291015625,5.887938186788233e-06,155.734130859375,2.2163219451904297,4.051172709296225e-06
999,4.503091335296631,3.477843999862671,2.634352540553664e-06,272.7203369140625,715.066650390625,2.2010135580785573e-06,137.66114807128906,0.1292858123779297,7.2673237809794955e-06,156.51535034179688,4.072733402252197,4.371706745587289e-05,260.0308837890625,712.6050415039062,0.0012104547349736094,260.1759948730469,716.0808715820312,1.8288414139533415e-05,169.9076385498047,4.251977920532227,7.5345546974858735e-06,155.37518310546875,1.9188714027404785,5.8056671150552575e-06
1000,4.472438812255859,3.286998987197876,5.220832463237457e-06,270.3635559082031,714.852783203125,1.1823852219094988e-05,266.35736083984375,710.1043090820312,7.324985290324548e-06,156.50779724121094,4.200247287750244,1.9247567252023146e-05,259.3879699707031,712.5343627929688,0.008308377116918564,5.014712810516357,2.1234047412872314,0.00027663196669891477,155.41351318359375,4.198925018310547,2.8017142540193163e-05,155.37518310546875,1.6085271835327148,1.0361563909100369e-05
1001,4.503091335296631,3.477843999862671,4.774072749569314e-06,272.7203369140625,714.852783203125,3.392675580471405e-06,266.35736083984375,710.5872802734375,6.4512323660892434e-06,156.50779724121094,4.200247287750244,2.106544161506463e-05,259.3879699707031,712.5343627929688,2.2514268493978307e-05,260.1759948730469,716.0808715820312,2.2841084501123987e-05,155.41351318359375,4.251977920532227,4.993959919374902e-06,155.734130859375,2.2163219451904297,4.20957667301991e-06
1002,268.195068359375,714.6527099609375,3.2166306027647806e-06,272.5823669433594,714.852783203125,1.2272435014892835e-06,266.35736083984375,713.1599731445312,8.052438715822063e-06,156.5281524658203,4.291399955749512,3.7802024053235073e-06,259.064697265625,712.5343627929688,1.311549567617476e-05,259.05499267578125,716.0808715820312,2.055722870863974e-05,265.00677490234375,714.9867553710938,6.4906603256531525e-06,267.4957580566406,714.0009155273438,2.6677832920540823e-06
1003,269.1503601074219,714.6527099609375,4.436883500602562e-06,272.5823669433594,714.852783203125,2.4235632736235857e-06,265.9111328125,713.1599731445312,7.8387456596829e-06,156.53472900390625,4.291399955749512,7.625724720128346e-06,259.064697265625,712.6976318359375,0.00014112524513620883,259.05499267578125,715.0325317382812,5.042284828959964e-05,265.00677490234375,714.5678100585938,7.370378170890035e-06,267.4957580566406,708.592529296875,4.208167865726864e-06
1004,269.1503601074219,714.6527099609375,5.112022336106747e-06,269.75189208984375,714.7367553710938,5.94486300542485e-06,247.6844940185547,713.1599731445312,5.840998710482381e-06,156.5281524658203,4.200247287750244,1.6004762073862366e-05,261.01837158203125,712.8486938476562,0.0008359047351405025,259.05499267578125,715.0325317382812,7.789918163325638e-05,266.7928771972656,715.7918701171875,1.181426068797009e-05,267.4957580566406,708.592529296875,3.965862561017275e-06
1005,269.1503601074219,714.6527099609375,5.048227194492938e-06,269.75189208984375,714.7367553710938,7.1781855695007835e-06,247.61094665527344,713.1599731445312,5.494255219673505e-06,156.5281524658203,4.540775299072266,2.00899758056039e-05,261.01837158203125,713.0723876953125,0.0007087296107783914,259.05499267578125,715.0325317382812,0.00013458225294016302,266.7928771972656,715.8502807617188,1.632540261198301e-05,267.4957580566406,708.592529296875,1.0571569873718545e-05
1006,4.599884510040283,3.576610565185547,3.7436766433529556e-06,269.45391845703125,715.5202026367188,1.2712566785921808e-06,247.6844940185547,713.5546264648438,4.798007921635872e-06,156.5281524658203,4.540775299072266,1.7853224562713876e-05,260.7712707519531,712.8486938476562,3.5214652598369867e-05,259.05499267578125,715.0325317382812,1.8243696104036644e-05,266.7928771972656,715.7918701171875,7.300241577468114e-06,267.4957580566406,708.592529296875,4.37005019193748e-06
1007,4.536924362182617,3.1217808723449707,4.704726507043233e-06,1.4788103103637695,-2.6317148208618164,1.3843846318195574e-06,1.0298948287963867,1.115708589553833,6.009514891047729e-06,156.37452697753906,4.102620601654053,6.214655513758771e-06,260.7712707519531,712.8486938476562,8.269738464150578e-05,4.6016316413879395,2.042393207550049,2.068757930828724e-05,266.7928771972656,714.5678100585938,1.2506584425864276e-05,2.9125518798828125,-0.9322538375854492,5.084658369014505e-06
1008,4.536924362182617,3.0799155235290527,3.371787215655786e-06,1.4788103103637695,-2.6317148208618164,4.7931466724548955e-06,1.0298948287963867,1.0818850994110107,6.98091844242299e-06,156.29519653320312,4.221735000610352,1.3740811482421122e-05,260.4912414550781,712.58251953125,0.0006545755895785987,4.6016316413879395,1.8901760578155518,0.00010013731662184,2.9912381172180176,715.8502807617188,1.2562168194563128e-05,2.9125518798828125,-0.9942731857299805,5.167395102034789e-06
1009,4.536924362182617,3.0799155235290527,4.376247943582712e-06,269.45391845703125,714.4764404296875,1.4703075521538267e-06,1.0298948287963867,1.115708589553833,5.0564522098284215e-06,156.29519653320312,4.221735000610352,1.172890915768221e-05,260.4912414550781,712.58251953125,2.0405641407705843e-05,4.673556804656982,1.8901760578155518,2.1711533918278292e-05,2.0143983364105225,714.4786376953125,7.691890459682327e-06,2.9125518798828125,-0.9942731857299805,5.2140253501420375e-06
1010,4.421760082244873,3.0799155235290527,2.6262050596415065e-06,270.4839782714844,716.8417358398438,1.171681788036949e-06,0.765636682510376,1.1517307758331299,4.102063030586578e-06,156.37124633789062,4.102620601654053,1.275089289265452e-05,260.5962219238281,712.58251953125,0.00013750061043538153,265.55670166015625,457.6327819824219,1.5392239220091142e-05,2.9912381172180176,463.57928466796875,6.905296231707325e-06,2.9546773433685303,-0.794825553894043,2.595500291135977e-06
1011,4.421760082244873,3.3635640144348145,4.1689659155963454e-06,270.8771057128906,714.8676147460938,1.5519443650191533e-06,0.765636682510376,1.1517307758331299,4.794989308720687e-06,156.37124633789062,4.089381694793701,1.846355189627502e-05,260.5962219238281,712.62158203125,0.00025409532827325165,265.55670166015625,457.6327819824219,2.4280689103761688e-05,-1.673262119293213,4.269250869750977,5.5706786952214316e-06,2.862788200378418,-0.890967845916748,5.02288139614393e-06
1012,4.682919502258301,3.3635640144348145,4.100709247722989e-06,270.8771057128906,716.8417358398438,3.006212409673026e-06,137.3050079345703,1.2520027160644531,6.385554570442764e-06,156.41995239257812,4.089381694793701,2.349115675315261e-05,260.82000732421875,712.9758911132812,0.0009829126065596938,266.223876953125,715.2613525390625,0.0003191889845766127,2.9912381172180176,463.57928466796875,0.007145893760025501,2.862788200378418,-0.890967845916748,7.0383880483859684e-06
1013,4.682919502258301,3.3635640144348145,3.0952601264289115e-06,270.8771057128906,716.8417358398438,2.055126742561697e-06,152.37689208984375,1.2520027160644531,4.040057319798507e-06,156.41995239257812,4.089381694793701,9.909242180583533e-06,260.9094543457031,713.6935424804688,0.00022289868502411991,267.4465026855469,715.4696655273438,2.7034835511585698e-05,2.895223617553711,463.57928466796875,6.575911356776487e-06,2.862788200378418,-0.794825553894043,2.9719572012254503e-06
1014,4.823813438415527,3.65639591217041,4.594234724208945e-06,294.0257873535156,714.8676147460938,2.664081421244191e-06,152.37689208984375,1.1517307758331299,1.095436618925305e-05,156.49066162109375,4.089381694793701,2.124300954164937e-05,260.82000732421875,712.9758911132812,0.00011479897511890158,267.4465026855469,715.2613525390625,7.608723535668105e-05,2.895223617553711,715.5133666992188,1.3688611034012865e-05,3.2365407943725586,-0.890967845916748,4.786093541042646e-06
1015,5.522266387939453,3.6829304695129395,2.3752529614284867e-06,294.0257873535156,714.8676147460938,9.673759677752969e-07,152.37689208984375,1.0803050994873047,5.229986982158152e-06,156.41995239257812,4.089381694793701,4.5756358304060996e-05,260.82000732421875,712.7776489257812,5.585988037637435e-05,266.223876953125,715.4696655273438,9.517376383882947e-06,2.895223617553711,715.5133666992188,6.196410140546504e-06,3.2365407943725586,-0.890967845916748,4.126818112126784e-06
1016,4.823813438415527,3.329946517944336,2.043525455519557e-06,272.10260009765625,716.575439453125,6.807633781136246e-07,152.37689208984375,1.0803050994873047,3.03836100101762e-06,156.49066162109375,4.276287078857422,8.927376256906427e-06,260.9094543457031,713.6935424804688,5.749210322392173e-05,265.2801208496094,715.4696655273438,1.2760478057316504e-05,72.09545135498047,715.5133666992188,9.767587471287698e-06,74.26713562011719,1.526183843612671,2.223564933956368e-06
1017,5.522266387939453,3.6829304695129395,7.621623353770701e-06,293.39276123046875,714.9662475585938,4.660565537051298e-06,152.37689208984375,1.0803050994873047,5.310831966198748e-06,156.27989196777344,3.943033218383789,1.3858897546015214e-05,260.9094543457031,712.7776489257812,0.0009186051902361214,265.2801208496094,715.4696655273438,4.8431149480165914e-05,72.09545135498047,714.5619506835938,3.589517291402444e-05,155.5935516357422,1.5797531604766846,5.0526294216979295e-05
1018,4.823813438415527,3.6829304695129395,2.159251380362548e-06,272.10260009765625,716.575439453125,1.6222552403633017e-06,247.9080352783203,710.3707885742188,4.782060386787634e-06,156.49066162109375,3.943033218383789,2.297824357810896e-05,260.40142822265625,712.7776489257812,0.00014223750622477382,261.0075988769531,715.5771484375,1.0989660040650051e-05,72.09545135498047,714.5619506835938,5.282625352265313e-06,155.5935516357422,713.7975463867188,4.386509772302816e-06
1019,4.8778076171875,2.924529552459717,2.9301731956365984e-06,270.9085388183594,716.575439453125,1.599213874214911e-06,247.9080352783203,710.3707885742188,5.6616477195348125e-06,156.51565551757812,4.100300312042236,5.0586227189342026e-06,260.35076904296875,713.5792846679688,0.0010584959527477622,261.0075988769531,715.5771484375,2.4148050215444528e-05,72.09545135498047,711.351318359375,4.512344730756013e-06,155.7117156982422,713.7975463867188,1.9130168311676243e-06
1020,4.8778076171875,2.924529552459717,1.7595424424143857e-06,270.3017883300781,716.575439453125,1.0772135965453344e-06,248.0691680908203,713.8461303710938,4.338946382631548e-06,156.52407836914062,4.200718402862549,4.340771738498006e-06,260.1476135253906,713.5792846679688,0.00017844578542280942,261.0075988769531,715.5551147460938,1.8176648154621944e-05,155.5051727294922,714.5619506835938,5.91707430430688e-06,252.25657653808594,713.9413452148438,1.7415079582860926e-06
1021,5.620155334472656,3.2714648246765137,2.7463611331768334e-06,270.3017883300781,716.9863891601562,6.633523526033969e-07,247.9080352783203,713.8461303710938,4.0885147427616175e-06,156.53338623046875,4.100300312042236,8.319275366375223e-06,260.1476135253906,712.378662109375,3.455925980233587e-05,261.0075988769531,715.5551147460938,9.938589755620342e-06,2.9047436714172363,714.6757202148438,4.537658696790459e-06,252.25657653808594,713.9413452148438,2.4949047201516805e-06
1022,5.620155334472656,3.2714648246765137,6.2146141317498405e-06,269.7182312011719,717.1529541015625,9.821773346629925e-06,137.3153533935547,0.5866873264312744,6.812199899286497e-06,156.54539489746094,4.200718402862549,1.68168935488211e-05,260.1476135253906,712.314697265625,0.0005731845740228891,261.0075988769531,715.5551147460938,0.00048381584929302335,2.9047436714172363,714.9298706054688,5.428501754067838e-05,252.25657653808594,713.9413452148438,8.80919469636865e-06
1023,268.72589111328125,714.7760620117188,3.545061417753459e-06,270.3017883300781,717.1529541015625,1.1113835398646188e-06,137.3153533935547,0.08326220512390137,3.849818767776014e-06,156.5467071533203,4.269451141357422,6.898240826558322e-06,261.79443359375,712.2421264648438,0.00010037172614829615,261.9269104003906,715.5551147460938,1.5008092304924503e-05,265.3017883300781,714.9298706054688,4.699080818681978e-06,267.73004150390625,708.7228393554688,3.7593613342323806e-06
1024,268.72589111328125,714.7760620117188,7.38037351766252e-06,270.4323425292969,717.1529541015625,4.884500413027126e-06,137.20574951171875,0.5866873264312744,6.1434711824404076e-06,156.5467071533203,4.269451141357422,2.3781818526913412e-05,261.79443359375,712.2421264648438,0.0004713585658464581,261.9269104003906,715.9781494140625,0.00012752281327266246,265.93304443359375,715.052734375,2.4295466573676094e-05,267.73004150390625,708.7228393554688,1.1341078788973391e-05
1025,268.72589111328125,714.7760620117188,5.059336672275094e-06,270.6538391113281,717.1529541015625,4.212669409753289e-06,137.20574951171875,0.5866873264312744,5.5762384363333695e-06,156.5467071533203,4.269451141357422,1.7634782125242054e-05,261.79443359375,712.314697265625,0.0028004981577396393,263.1905212402344,716.5853271484375,6.0302321799099445e-05,265.93304443359375,715.4598388671875,1.075826003216207e-05,267.85064697265625,708.7228393554688,9.439791938348208e-06
1026,268.72589111328125,714.7760620117188,2.693113174245809e-06,271.568115234375,716.22314453125,1.265082687496033e-06,137.51119995117188,0.17697620391845703,3.066738599954988e-06,156.54539489746094,4.269451141357422,9.73473197518615e-06,264.46875,712.9075927734375,0.00014285690849646926,263.1905212402344,716.5853271484375,1.3016161574341822e-05,267.4366455078125,715.4598388671875,5.7055458455579355e-06,267.85064697265625,708.7228393554688,2.657476215972565e-06
1027,260.1630554199219,716.3814697265625,7.036153419903712e-06,271.568115234375,716.22314453125,7.820481187081896e-06,137.98802185058594,1.3339345455169678,7.997718967089895e-06,156.76956176757812,4.269451141357422,1.3215915714681614e-05,260.72955322265625,712.9075927734375,0.0022450448013842106,263.1905212402344,716.5853271484375,6.779630348319188e-05,267.62713623046875,715.8302001953125,1.4179135177982971e-05,267.85064697265625,708.0137939453125,8.941691703512333e-06
1028,4.929757118225098,3.682856559753418,4.0337858990824316e-06,271.568115234375,716.1134033203125,2.5185211143252673e-06,152.67636108398438,1.3339345455169678,6.083519565436291e-06,156.66204833984375,4.018113136291504,1.3684943951375317e-05,260.2794189453125,712.9075927734375,8.220792369684204e-05,262.17041015625,716.9982299804688,1.8171360352425836e-05,265.93304443359375,715.8302001953125,8.219978553825058e-06,3.080944538116455,-0.6519632339477539,5.22822620041552e-06
1029,4.1415324211120605,3.682856559753418,2.8328288408374647e-06,268.9068908691406,709.35986328125,5.549993147724308e-06,152.67636108398438,0.9401895999908447,5.860617420694325e-06,156.66204833984375,4.018113136291504,9.053046596818604e-06,260.72955322265625,712.9075927734375,0.0014652942772954702,262.17041015625,715.4482421875,9.560627222526819e-05,265.9126281738281,715.5087890625,6.211242180143017e-06,2.7686197757720947,0.0040035247802734375,3.3803837595769437e-06
1030,4.1415324211120605,3.682856559753418,4.316354534239508e-06,268.9068908691406,709.35986328125,1.4834455441814498e-06,152.67636108398438,0.9401895999908447,5.381686150940368e-06,156.66204833984375,3.9467718601226807,2.4543502149754204e-05,261.13385009765625,713.6390991210938,7.512066076742485e-05,4.727814197540283,2.3294830322265625,4.482819349505007e-05,262.15985107421875,715.5087890625,1.0257603207719512e-05,2.7686197757720947,-0.6519632339477539,4.4313183025224134e-06
1031,4.955910682678223,3.0879688262939453,6.442201083700638e-06,268.9068908691406,716.0963745117188,2.717040388233727e-06,247.9347686767578,709.9937744140625,7.2287125476577785e-06,156.66204833984375,3.9245569705963135,2.1840372937731445e-05,260.72955322265625,713.0759887695312,0.00012945652997586876,262.17041015625,715.4482421875,4.88409204990603e-05,262.15985107421875,714.7815551757812,1.4522855053655803e-05,3.3790102005004883,-0.8213915824890137,6.457492872868897e-06
1032,4.824193954467773,2.9765448570251465,2.6951431664201664e-06,1.5534114837646484,-2.149698257446289,1.7269768477490288e-06,152.67636108398438,1.2481303215026855,6.6431671257305425e-06,156.66204833984375,3.9245569705963135,6.775605925213313e-06,259.49725341796875,713.0759887695312,1.7475620552431792e-05,5.136316299438477,2.3294830322265625,9.919103831634857e-06,170.2209014892578,4.177145957946777,3.730689513758989e-06,3.3790102005004883,-0.8213915824890137,2.2924207314645173e-06
1033,4.824193954467773,2.9765448570251465,3.3915853236976545e-06,1.5534114837646484,-2.149698257446289,3.2395687412645202e-06,152.03424072265625,1.2481303215026855,5.424339178716764e-06,156.21900939941406,3.9467718601226807,1.904527744045481e-05,259.49725341796875,713.0759887695312,9.982222400140017e-05,4.709646701812744,2.114513397216797,3.398907938390039e-05,2.919581890106201,4.177145957946777,1.4842572454654146e-05,3.395244598388672,-0.4929542541503906,3.7961631278449204e-06
1034,4.824193954467773,2.9765448570251465,4.1810740185610484e-06,270.6831970214844,716.0963745117188,1.1819046221717144e-06,152.03424072265625,1.2481303215026855,4.478011305764085e-06,156.35585021972656,4.098038196563721,9.944895282387733e-06,259.49725341796875,713.0646362304688,1.884543598862365e-05,5.136316299438477,2.114513397216797,1.9753502783714794e-05,3.141294002532959,714.7815551757812,6.322287845250685e-06,3.620760917663574,-0.4929542541503906,3.6143399029242573e-06
1035,4.701475620269775,2.9765448570251465,4.146927039982984e-06,270.6831970214844,715.7001953125,1.7325971839454724e-06,137.03323364257812,0.17598605155944824,4.617748345481232e-06,156.31625366210938,4.239315986633301,4.223500582156703e-05,259.49725341796875,712.3834228515625,1.8244270904688165e-05,264.551513671875,716.09033203125,2.5201905373251066e-05,2.919581890106201,714.7815551757812,1.0163375009142328e-05,3.395244598388672,-0.4929542541503906,6.302187557594152e-06
1036,4.701475620269775,2.9765448570251465,2.837714646375389e-06,270.8987121582031,715.7001953125,1.2571581464726478e-06,137.03323364257812,0.1372678279876709,5.053294444223866e-06,156.35585021972656,4.239315986633301,3.472145908745006e-05,259.3152770996094,712.3834228515625,5.3780062444275245e-05,265.02008056640625,716.09033203125,1.827725463954266e-05,2.919581890106201,710.7332763671875,7.462030680471798e-06,77.78536224365234,1.5395848751068115,4.619770152203273e-06
1037,4.412198066711426,3.1580748558044434,4.043461103719892e-06,270.8987121582031,715.7001953125,2.803178631438641e-06,137.03323364257812,0.1372678279876709,6.314923666650429e-06,156.31625366210938,4.239315986633301,1.4073301827011164e-05,259.90570068359375,712.8743896484375,0.000327989284414798,265.02008056640625,716.09033203125,3.0016783057362773e-05,2.919581890106201,710.7332763671875,6.225005563464947e-06,77.78536224365234,1.5395848751068115,4.5683000280405395e-06
1038,4.701475620269775,3.178130626678467,4.2707770262495615e-06,270.8987121582031,716.121826171875,3.2637226468068548e-06,137.03323364257812,0.1372678279876709,5.137602784088813e-06,156.35585021972656,4.108778476715088,1.9178143702447414e-05,260.0810546875,712.8743896484375,0.0018209690460935235,265.38494873046875,716.09033203125,7.937361806398258e-05,3.141294002532959,3.633575677871704,4.011377313872799e-05,77.78536224365234,1.5395848751068115,0.00011954339424846694
1039,267.6681213378906,700.2047729492188,4.3515519791981205e-06,270.8987121582031,715.7001953125,1.5952290368659305e-06,137.75999450683594,0.3363006114959717,5.4399015425588004e-06,156.4835662841797,4.108778476715088,7.683004696446005e-06,260.0810546875,712.3834228515625,2.409746048215311e-05,265.02008056640625,715.0419921875,2.80830809060717e-05,77.47286987304688,3.633575677871704,9.574820978741627e-06,77.78536224365234,709.0284423828125,5.487494490807876e-06
1040,267.6681213378906,700.2047729492188,2.6119607809960144e-06,270.767822265625,706.50341796875,1.6408627061537118e-06,137.75999450683594,0.3363006114959717,3.5689017749973573e-06,156.62660217285156,4.108778476715088,7.109289526852081e-06,260.0810546875,712.3510131835938,0.0009440113208256662,4.717048645019531,2.1489405632019043,6.903968460392207e-05,155.5377197265625,3.613447904586792,5.119413344800705e-06,84.4042739868164,709.0284423828125,3.202071184205124e-06
1041,4.744277000427246,3.2108287811279297,2.295487774972571e-06,270.767822265625,706.50341796875,1.841761331888847e-06,137.24002075195312,0.5405082702636719,9.332638001069427e-06,156.4835662841797,4.152230739593506,2.0440678781596944e-05,260.0810546875,712.2799072265625,0.00012184755178168416,4.717048645019531,2.1489405632019043,8.411666385654826e-06,155.5377197265625,3.613447904586792,5.982324637443526e-06,84.4042739868164,1.9106388092041016,5.674496151186759e-06
1042,272.48443603515625,700.2047729492188,3.8659554775222205e-06,272.34783935546875,710.2903442382812,1.7455419083489687e-06,137.27899169921875,0.3363006114959717,1.2431753020791803e-05,156.4835662841797,4.152230739593506,6.242618837859482e-05,260.16351318359375,712.2705688476562,0.0001405174843966961,4.678507328033447,2.1489405632019043,1.701512337604072e-05,155.5377197265625,3.643571376800537,1.0686159839679021e-05,84.4042739868164,1.9106388092041016,9.330421562481206e-06
1043,4.744277000427246,3.2108287811279297,5.897024948353646e-06,272.34783935546875,706.50341796875,2.9280811304488452e-06,137.27899169921875,0.16472458839416504,7.221897249110043e-06,156.4790496826172,4.152230739593506,1.548024192743469e-05,260.16351318359375,712.2799072265625,0.0014514694921672344,4.678507328033447,2.1489405632019043,3.984426803071983e-05,75.50934600830078,3.839552879333496,1.0179079254157841e-05,74.8441390991211,1.9106388092041016,5.854678875039099e-06
1044,4.744277000427246,3.2108287811279297,4.547128355625318e-06,272.34783935546875,710.2903442382812,1.6744725144235417e-06,137.27899169921875,0.16472458839416504,4.354674274509307e-06,156.4790496826172,4.152230739593506,1.1067467312386725e-05,260.3391418457031,711.644775390625,0.00011512784112710506,261.6012268066406,716.9131469726562,1.9033273929380812e-05,75.50934600830078,4.110048294067383,5.522616902453592e-06,74.8441390991211,1.9106388092041016,3.461880623945035e-06
1045,5.187223434448242,3.2108287811279297,4.3288578126521315e-06,272.34783935546875,715.7000122070312,1.332392571384844e-06,152.38462829589844,0.14911246299743652,5.246727141638985e-06,156.4790496826172,4.132106781005859,2.3776306989020668e-05,260.3391418457031,712.2799072265625,8.059127139858902e-05,263.39093017578125,716.9131469726562,2.7664396839099936e-05,75.50934600830078,714.7930297851562,1.9849980162689462e-05,74.8441390991211,713.7922973632812,2.611768650240265e-05
1046,5.187223434448242,3.22806453704834,9.40194968279684e-06,270.9292907714844,715.7041015625,9.74135400610976e-06,152.5400848388672,0.14911246299743652,8.249663551396225e-06,156.4790496826172,4.132106781005859,9.187589967041276e-06,260.3391418457031,712.2801513671875,0.0014738348545506597,263.39093017578125,716.4754638671875,7.336780981859192e-05,262.71807861328125,715.178466796875,2.124213642673567e-05,74.8441390991211,713.7922973632812,5.228186182648642e-06
1047,5.187223434448242,3.22806453704834,4.087068191438448e-06,270.9292907714844,715.7041015625,5.380726179282647e-06,152.5400848388672,0.14911246299743652,5.05920615978539e-06,156.73928833007812,4.132106781005859,2.0401224901434034e-05,260.0144348144531,712.2801513671875,0.0009731213212944567,263.39093017578125,716.4754638671875,7.056898175505921e-05,262.71807861328125,715.1787109375,1.1747190001187846e-05,74.8441390991211,713.7922973632812,5.211599727772409e-06
1048,5.187223434448242,3.268216848373413,3.5986834063805873e-06,270.9292907714844,715.7041015625,2.2812480438005878e-06,152.38462829589844,0.4732024669647217,9.223022061632946e-06,156.73928833007812,4.007716178894043,2.074894837278407e-05,260.3391418457031,711.7244873046875,0.0015967587241902947,265.0939025878906,716.4754638671875,0.00016684786533005536,264.89111328125,715.2882690429688,1.0911128811130766e-05,2.689026355743408,-0.8201742172241211,3.771466481339303e-06
1049,4.637435436248779,3.22806453704834,3.738756731763715e-06,270.4731750488281,715.4588012695312,1.5748316855024314e-06,152.27224731445312,0.11411404609680176,4.133044967602473e-06,156.53216552734375,4.007716178894043,1.806017098715529e-05,260.3335266113281,711.99609375,0.00012521231838036329,266.0214538574219,716.3919677734375,1.4527066014125012e-05,262.71807861328125,715.2882690429688,9.512050382909365e-06,2.628908634185791,-0.8201742172241211,3.0977168989920756e-06
1050,4.390492916107178,3.22806453704834,2.9776140308968024e-06,270.4731750488281,1.3714361190795898,9.614749387765187e-07,152.27224731445312,0.10214757919311523,3.683078830363229e-06,156.53216552734375,4.007716178894043,8.326458555529825e-06,260.3335266113281,711.99609375,8.898176020011306e-05,266.247802734375,716.4754638671875,2.06786844501039e-05,170.0476837158203,715.2882690429688,5.0064536480931565e-06,2.628908634185791,-0.8201742172241211,3.02773969451664e-06
1051,4.637435436248779,3.268216848373413,4.76625291412347e-06,270.36468505859375,1.3714361190795898,1.6525874571016175e-06,152.27224731445312,0.10214757919311523,6.639671028096927e-06,156.8449249267578,4.007716178894043,2.1838581233168952e-05,260.549072265625,711.99609375,0.0011938796378672123,266.247802734375,716.4922485351562,4.5366839913185686e-05,170.0476837158203,714.8655395507812,8.37874449644005e-06,2.628908634185791,-0.36960506439208984,4.788659680343699e-06
1052,4.637435436248779,3.268216848373413,1.7147879134427058e-06,270.36468505859375,1.3714361190795898,7.733844427093572e-07,137.9248046875,0.11504173278808594,3.156377488267026e-06,156.53216552734375,4.007716178894043,1.1614783034019638e-05,260.549072265625,712.7091064453125,0.00028172179008834064,266.247802734375,716.7142944335938,1.8528744476498105e-05,260.7159423828125,714.8655395507812,4.6956047299318016e-06,155.8650665283203,2.6283092498779297,2.053943262581015e-06
1053,4.449562072753906,3.7530102729797363,4.531509148364421e-06,270.36468505859375,3.538180112838745,1.0509217645449098e-05,137.9248046875,0.11504173278808594,6.956137440283783e-06,156.53216552734375,4.190762996673584,2.4753033358138055e-05,260.3335266113281,712.7110595703125,0.0010671690106391907,265.5997009277344,716.7975463867188,0.0003258012293372303,260.7159423828125,714.8655395507812,3.844011735054664e-05,155.8650665283203,2.6283092498779297,1.1855410775751807e-05
1054,4.449562072753906,3.7530102729797363,3.5727666727325413e-06,271.98712158203125,715.3353881835938,3.1574161312164506e-06,153.02195739746094,0.18364477157592773,8.008189979591407e-06,156.43118286132812,4.190762996673584,1.6224394130404107e-05,260.549072265625,713.052490234375,0.0007037172326818109,265.5997009277344,716.7975463867188,7.893025758676231e-05,266.0491638183594,714.9893798828125,1.0599410416034516e-05,155.8650665283203,2.6283092498779297,3.293167992524104e-06
1055,267.9115905761719,715.8594360351562,1.994531885429751e-06,270.36468505859375,715.9998168945312,9.678457217887626e-07,248.19793701171875,711.0025024414062,7.810330316715408e-06,156.43118286132812,4.387284278869629,1.1650894521153532e-05,260.16485595703125,713.052490234375,0.00010446196392877027,265.5997009277344,716.7142944335938,1.4380747415998485e-05,266.5611877441406,715.1762084960938,4.560869456327055e-06,267.5729064941406,708.9649658203125,3.237971668568207e-06
1056,267.9115905761719,700.3488159179688,3.870692125929054e-06,271.98712158203125,715.9998168945312,2.394499006186379e-06,248.19793701171875,711.0025024414062,7.801999345247168e-06,156.43118286132812,4.190762996673584,7.806911526131444e-06,260.16485595703125,713.052490234375,0.00014729166286997497,265.5997009277344,716.7975463867188,1.840999539126642e-05,266.5611877441406,715.1762084960938,8.291995982290246e-06,155.713623046875,708.9649658203125,4.103259925614111e-06
1057,6.113175392150879,3.7530102729797363,3.8048547139624134e-06,270.0763244628906,716.4612426757812,5.791549483546987e-06,248.19793701171875,711.0025024414062,4.631817773770308e-06,156.27374267578125,4.190762996673584,1.138548759627156e-05,260.3670959472656,712.8978271484375,0.0005916517111472785,265.8440246582031,716.6617431640625,0.0001484471431467682,266.5611877441406,714.9893798828125,2.7589103410718963e-05,155.713623046875,708.8436889648438,1.0248626495013013e-05
1058,6.113175392150879,3.6156742572784424,3.199784714524867e-06,272.2928161621094,716.4612426757812,3.863920937874354e-06,248.19793701171875,711.0025024414062,5.988460998196388e-06,156.560302734375,4.185501575469971,1.5744348274893127e-05,261.08770751953125,713.1767578125,0.00217440421693027,265.8440246582031,716.5355224609375,2.600257175799925e-05,268.0889892578125,715.644287109375,1.2652848454308696e-05,267.9483642578125,708.9649658203125,5.951982529950328e-06
1059,6.113175392150879,3.0575156211853027,1.9016262058357825e-06,270.3923645019531,717.0726928710938,7.891518976066436e-07,151.93197631835938,1.344672679901123,3.731999186129542e-06,156.7865753173828,4.185501575469971,2.2744985471945256e-05,262.26031494140625,712.8978271484375,0.0002713139110710472,266.466064453125,716.599853515625,1.4425238077819813e-05,267.7254333496094,715.153076171875,6.289794782787794e-06,268.47222900390625,708.9649658203125,2.746992322499864e-06
1060,4.6786370277404785,3.0575156211853027,3.0336443614942254e-06,270.3923645019531,716.4612426757812,9.839114909482305e-07,137.61077880859375,0.9771173000335693,4.483895281737205e-06,156.560302734375,4.185501575469971,2.2697080567013472e-05,265.4410705566406,712.8978271484375,9.727213182486594e-05,265.1582946777344,716.599853515625,1.686274481471628e-05,169.76742553710938,712.4467163085938,1.0965758519887459e-05,267.9483642578125,708.8436889648438,3.7550369142991258e-06
1061,4.651413917541504,2.7876782417297363,2.8014469535264652e-06,270.3923645019531,714.4039916992188,1.0590131296339678e-06,0.7526769638061523,0.9477767944335938,2.8740716970787616e-06,156.45851135253906,4.185501575469971,1.070257985702483e-05,265.4410705566406,714.1387939453125,0.00013608005247078836,265.6438903808594,716.2817993164062,1.4883507901686244e-05,266.66033935546875,714.5691528320312,3.860237484332174e-06,267.9483642578125,708.8370361328125,3.781002988034743e-06
1062,4.4077606201171875,3.0575156211853027,6.05335026193643e-06,294.04412841796875,1.5733342170715332,1.887954567791894e-06,0.7520256042480469,0.9771173000335693,7.321060365939047e-06,156.7865753173828,4.246715068817139,8.763159712543711e-06,262.26031494140625,714.6791381835938,6.466524064308032e-05,5.195728302001953,2.667764663696289,2.8340551580186002e-05,266.66033935546875,714.5691528320312,6.27047347734333e-06,3.2004446983337402,-0.5321183204650879,6.87067176841083e-06
1063,4.316696643829346,3.372396469116211,3.8945449887251016e-06,294.04412841796875,714.4039916992188,1.5835501017136266e-06,0.7520256042480469,0.9771173000335693,4.4512808017316274e-06,156.7865753173828,4.246715068817139,1.3330011825019028e-05,265.4410705566406,714.6791381835938,8.224909834098071e-05,265.6438903808594,716.2817993164062,2.5336319595226087e-05,169.67274475097656,4.007139205932617,7.402118171739858e-06,3.0558178424835205,-0.9047365188598633,3.7493898616958177e-06
1064,4.024482250213623,3.40834379196167,3.466558609943604e-06,294.04412841796875,714.4039916992188,1.2613397757377243e-06,0.712188720703125,0.9771173000335693,4.905974492430687e-06,156.81983947753906,4.246715068817139,5.571619112743065e-06,261.8642272949219,714.6791381835938,5.752803190262057e-05,265.6438903808594,716.2817993164062,1.5544741472695023e-05,2.48441219329834,4.007139205932617,5.182961103855632e-06,3.0558178424835205,-0.9047365188598633,4.171200998825952e-06
1065,4.316696643829346,3.372396469116211,2.67899099526403e-06,294.04412841796875,715.2052001953125,1.6962994777713902e-06,0.712188720703125,1.10288405418396,6.218147063918877e-06,156.81983947753906,4.180820941925049,2.178518298023846e-05,261.61285400390625,714.6791381835938,5.76182319491636e-05,265.8038024902344,716.2817993164062,0.00012196879833936691,3.548649311065674,714.5691528320312,7.787006325088441e-06,3.199744701385498,-0.9880809783935547,3.5030084291065577e-06
1066,4.316696643829346,3.372396469116211,3.3805415569077013e-06,271.4327697753906,717.0382080078125,1.6585936464252882e-06,0.712188720703125,1.10288405418396,4.866542894887971e-06,157.02423095703125,4.180820941925049,5.988158591208048e-06,261.61285400390625,714.6791381835938,0.00024841641425155103,265.8038024902344,716.4654541015625,2.684180435608141e-05,3.548649311065674,714.864501953125,9.528629561827984e-06,2.6568548679351807,-0.9880809783935547,8.019524102564901e-06
1067,4.4693379402160645,3.40834379196167,2.920445240306435e-06,270.7785949707031,717.3892822265625,1.0851820206880802e-06,137.64817810058594,0.10565876960754395,3.329366109028342e-06,156.81983947753906,4.158823490142822,1.528508983028587e-05,261.61285400390625,713.80224609375,0.00020507669250946492,266.5484619140625,716.4654541015625,2.8770258722943254e-05,169.67274475097656,714.864501953125,5.655253062286647e-06,2.755100727081299,-1.0839548110961914,3.1641079658584204e-06
1068,4.4749555587768555,3.40834379196167,2.1639680198859423e-06,270.7239685058594,717.3892822265625,8.609347901256115e-07,137.64817810058594,-0.037044525146484375,4.293077836337034e-06,156.56736755371094,4.180820941925049,1.0233068678644486e-05,261.3941345214844,712.3406982421875,0.00035764166386798024,265.8038024902344,716.4654541015625,3.035282134078443e-05,261.8182067871094,715.6919555664062,3.7150819025555393e-06,3.199744701385498,-0.9880809783935547,2.0534751001832774e-06
1069,268.8185119628906,715.2650756835938,4.3287377593514975e-06,270.7239685058594,717.2728271484375,3.506922666929313e-06,152.4154052734375,-0.037044525146484375,5.786624569736887e-06,156.4860382080078,4.180820941925049,1.948600220202934e-05,261.3941345214844,712.3406982421875,0.0002665708598215133,266.5484619140625,715.998046875,4.4326105125946924e-05,266.93359375,715.1608276367188,8.421153324889019e-06,3.199744701385498,-0.9880809783935547,4.430211447470356e-06
1070,268.8185119628906,715.2650756835938,5.128526936459821e-06,269.94952392578125,717.2728271484375,4.176634320174344e-06,152.4154052734375,-0.037044525146484375,3.744465857380419e-06,156.56736755371094,4.211406230926514,1.763892032613512e-05,261.0660400390625,712.3406982421875,0.0015283215325325727,265.72760009765625,715.5642700195312,0.00011363990779500455,266.93359375,714.864501953125,1.8792474293150008e-05,2.755100727081299,-0.7275557518005371,1.7277827282669023e-05
1071,268.8185119628906,715.2650756835938,3.2479738365509547e-06,269.94952392578125,716.740234375,4.1668431549624074e-06,152.4154052734375,-0.037044525146484375,4.509449354372919e-06,156.56736755371094,4.211406230926514,1.5374092981801368e-05,261.0660400390625,712.5928344726562,0.0015979947056621313,265.72760009765625,715.5642700195312,0.00959446094930172,266.93359375,714.3800048828125,0.00025394250405952334,75.7113037109375,2.3592782020568848,5.9560024965321645e-06
1072,253.51031494140625,716.1591796875,3.5019197639485355e-06,251.7572021484375,716.740234375,1.7284185105381766e-06,152.7740020751953,1.1415612697601318,5.114133273309562e-06,156.65184020996094,4.270413398742676,1.9906738089048304e-05,260.5556335449219,712.5928344726562,3.2540279789827764e-05,264.894287109375,715.9987182617188,2.2114572857390158e-05,261.5787658691406,713.78173828125,8.79178878676612e-06,155.67959594726562,711.8382568359375,4.545996489468962e-06
1073,4.0603766441345215,3.09948468208313,2.8767890398739837e-06,251.26231384277344,717.012451171875,1.1294765727143385e-06,152.7740020751953,1.1415612697601318,5.11645066580968e-06,156.65184020996094,4.270413398742676,1.980979686777573e-05,259.9873352050781,712.5928344726562,0.00030904673621989787,261.3779296875,715.9987182617188,2.3819244233891368e-05,261.54443359375,713.78173828125,6.530552127514966e-06,155.67959594726562,2.3592782020568848,3.1937938729242887e-06
1074,4.04103946685791,3.09948468208313,8.628709110780619e-06,251.26231384277344,715.7557373046875,1.290440559387207e-05,137.86521911621094,0.9893414974212646,3.385657328180969e-05,156.65184020996094,4.1190009117126465,2.8039672542945482e-05,259.9873352050781,711.3912353515625,0.03466658294200897,260.8421630859375,715.9987182617188,0.0003304232086520642,155.5895233154297,4.037299156188965,1.940011679835152e-05,3.0182995796203613,-0.7275557518005371,1.93338291865075e-05
1075,4.0603766441345215,3.2638511657714844,4.437755251274211e-06,251.7572021484375,717.012451171875,2.560041821197956e-06,137.86521911621094,0.22626471519470215,5.097233042761218e-06,156.64125061035156,4.1190009117126465,1.8725013433140703e-05,260.5556335449219,711.3912353515625,0.00023393834999296814,261.3779296875,716.1260986328125,0.00018398952670395374,261.54443359375,713.78173828125,1.8577611626824364e-05,155.67959594726562,2.3592782020568848,5.288079137244495e-06
1076,4.631767749786377,3.652430534362793,5.137005246069748e-06,270.4248352050781,717.012451171875,3.2399484553025104e-06,137.86521911621094,0.9893414974212646,1.1847183486679569e-05,156.54742431640625,4.233178615570068,6.905792542966083e-05,261.32373046875,711.2003784179688,4.471726788324304e-05,260.8421630859375,716.1260986328125,2.75157653959468e-05,261.54443359375,713.78173828125,1.1281770639470778e-05,3.0182995796203613,-0.7485809326171875,5.462781246023951e-06
1077,4.631767749786377,3.2638511657714844,5.166981281945482e-06,270.4248352050781,717.012451171875,4.057381829625228e-06,137.5159912109375,0.22626471519470215,5.796748610009672e-06,156.54742431640625,4.233178615570068,1.9990044165751897e-05,261.32373046875,711.3912353515625,0.0008257806184701622,261.3779296875,715.6107177734375,0.00013130319712217897,155.5895233154297,714.7554321289062,1.2448242159734946e-05,2.97208309173584,-0.8810000419616699,8.402766070503276e-06
1078,4.631767749786377,3.2638511657714844,2.553314516262617e-06,270.4248352050781,715.7557373046875,9.188082685795962e-07,137.86166381835938,0.16171979904174805,3.1353856684290804e-06,156.54742431640625,4.680645942687988,1.0892144018725958e-05,261.32373046875,712.1865844726562,9.67813830357045e-05,5.3167290687561035,2.5107743740081787,1.0661739906936418e-05,155.5895233154297,3.984513759613037,3.430909828239237e-06,2.97208309173584,-0.7485809326171875,2.898331786127528e-06
1079,4.631767749786377,3.652430534362793,3.498114665489993e-06,269.77899169921875,717.1051025390625,2.8669840048678452e-06,137.5159912109375,0.22626471519470215,6.592771114810603e-06,156.60829162597656,4.807576656341553,9.304403647547588e-06,261.32373046875,712.8604736328125,0.0001787882938515395,265.3968505859375,715.6107177734375,4.721730147139169e-05,169.93727111816406,714.7554321289062,1.1484297829156276e-05,2.848325490951538,-1.0330815315246582,3.924955763068283e-06
1080,4.631767749786377,3.652430534362793,3.963480139645981e-06,269.77899169921875,715.1062622070312,1.5869760545683675e-06,136.6938934326172,0.6694040298461914,8.214140507334378e-06,156.60829162597656,4.680645942687988,3.0292470910353586e-05,262.416259765625,712.8604736328125,9.416456305189058e-05,266.49993896484375,715.6107177734375,1.796663309505675e-05,169.93727111816406,716.3699951171875,1.0396890502306633e-05,2.848325490951538,-1.1429262161254883,5.1102233555866405e-06
1081,4.732293605804443,3.811372995376587,3.866338829539018e-06,269.77899169921875,716.958740234375,1.3814251360599883e-06,136.6938934326172,0.21277165412902832,5.664958280249266e-06,156.60829162597656,4.680645942687988,8.332757715834305e-06,261.2055969238281,712.8604736328125,0.0004188435850664973,267.2120056152344,716.5802001953125,0.00020432544988580048,268.38671875,716.3699951171875,9.186722309095785e-06,2.97208309173584,-1.0330815315246582,5.801583029096946e-06
1082,4.426509857177734,3.811372995376587,5.668119229085278e-06,268.97857666015625,715.1062622070312,2.754702109086793e-06,0.8545687198638916,0.6694040298461914,3.823992301477119e-06,156.39093017578125,4.560969829559326,2.0881290765828453e-05,262.3847351074219,713.094970703125,0.0001276427647098899,268.4686279296875,716.5819702148438,3.110452234977856e-05,268.38671875,715.6419677734375,7.712251317570917e-06,3.213963508605957,-0.6743392944335938,3.297067678431631e-06
1083,268.7693176269531,700.4141845703125,3.533248218445806e-06,269.9126892089844,716.4109497070312,3.0555372632079525e-06,0.8545687198638916,1.0124084949493408,4.8627066462358925e-06,156.39093017578125,4.560969829559326,9.689098988019396e-06,262.3847351074219,712.9569702148438,0.0012174108996987343,268.4686279296875,717.081298828125,5.9609312302200124e-05,268.38671875,715.6419677734375,8.722189704712946e-06,3.401714324951172,-0.6743392944335938,4.948556124872994e-06
1084,268.7693176269531,714.610595703125,3.908188773493748e-06,269.9126892089844,716.4109497070312,1.0435765034344513e-06,137.62823486328125,1.0900909900665283,4.477344646147685e-06,156.39093017578125,4.231797695159912,8.405017979384866e-06,261.2055969238281,712.1257934570312,7.495865429518744e-05,267.2120056152344,717.081298828125,2.2130796423880383e-05,266.0894470214844,715.6419677734375,6.04682509219856e-06,3.401714324951172,-0.6743392944335938,4.424886810738826e-06
1085,253.96908569335938,700.4141845703125,6.947001111257123e-06,269.85516357421875,716.4109497070312,1.4527676285069901e-05,137.62823486328125,1.0900909900665283,6.842574293841608e-06,156.4679412841797,4.359738349914551,1.3386779755819589e-05,259.56787109375,712.8763427734375,0.014745881780982018,265.4449768066406,716.7614135742188,0.0002441522665321827,265.4563293457031,715.4132690429688,2.176742782467045e-05,155.81329345703125,1.4732675552368164,8.990112291940022e-06
1086,4.426509857177734,3.599680185317993,2.823830755005474e-06,269.85516357421875,716.150634765625,3.943584488297347e-06,137.59800720214844,1.5731496810913086,9.346255865239073e-06,156.4679412841797,4.359738349914551,4.355508735898184e-06,259.56787109375,712.9569702148438,0.00047180516412481666,264.12750244140625,716.7614135742188,1.4147622096061241e-05,265.4563293457031,460.4891357421875,5.890926331630908e-06,3.401714324951172,-0.27649641036987305,1.9049862203246448e-06
1087,253.96908569335938,716.8837280273438,1.938459490702371e-06,272.4125671386719,716.1727905273438,2.174472911065095e-06,137.59800720214844,1.5731496810913086,5.007088930142345e-06,156.4679412841797,4.332051753997803,2.048445094260387e-05,259.0933837890625,712.8763427734375,0.00023448164574801922,260.1672058105469,716.656982421875,4.079743303009309e-05,265.4563293457031,714.8671875,1.0951891454169527e-05,68.729736328125,1.4732675552368164,3.44000159202551e-06
1088,253.96908569335938,715.30078125,4.926392193738138e-06,269.85516357421875,716.1727905273438,2.7884659630217357e-06,137.59800720214844,1.5731496810913086,5.695884738088353e-06,156.4679412841797,4.332051753997803,1.7578584447619505e-05,259.0933837890625,712.175537109375,0.0002824990951921791,260.1672058105469,715.7604370117188,2.0070865502930246e-05,264.0500183105469,713.9326171875,2.5134051611530595e-05,68.729736328125,1.4732675552368164,5.440897439257242e-06
1089,4.079711437225342,3.564328670501709,1.4458802070294041e-05,271.737060546875,716.1727905273438,1.8540482415119186e-05,137.14793395996094,1.102050542831421,6.340721938613569e-06,156.29925537109375,4.332051753997803,1.5609570255037397e-05,260.1365661621094,712.8763427734375,0.0053184120915830135,264.3960266113281,715.7604370117188,0.00015314317715819925,264.0500183105469,713.9326171875,2.7481884899316356e-05,76.15361022949219,709.2167358398438,1.0389893759565894e-05
1090,269.39788818359375,715.30078125,4.541871476249071e-06,271.737060546875,716.3804931640625,8.858512046572287e-06,137.14793395996094,1.5731496810913086,9.210943971993402e-06,156.29925537109375,4.332051753997803,1.3259140359878074e-05,260.1424255371094,712.175537109375,0.0021525004412978888,264.3960266113281,715.7604370117188,0.0005417616339400411,266.2513732910156,714.8671875,7.957043271744624e-05,76.15361022949219,712.7901611328125,4.429378532222472e-05
1091,272.5237121582031,715.30078125,4.730140517494874e-06,269.4976501464844,716.8810424804688,2.7768769541580696e-06,248.1572265625,713.23876953125,5.977665750833694e-06,267.20599365234375,717.14990234375,1.7151074644061737e-05,261.0174560546875,711.9083862304688,0.0005514940130524337,265.8653259277344,715.7604370117188,4.608316157828085e-05,266.2513732910156,715.2096557617188,9.049922482518014e-06,267.9615783691406,712.7901611328125,8.516835805494338e-06
1092,286.5074157714844,714.9224853515625,5.0029648264171556e-06,269.3973388671875,716.9620971679688,3.856042894767597e-06,265.4806213378906,713.23876953125,4.5836004574084654e-06,267.6036682128906,717.14990234375,9.3484759418061e-06,261.18865966796875,711.9083862304688,0.0008364146924577653,266.988525390625,715.4712524414062,0.00013116768968757242,268.3619384765625,715.2096557617188,1.5740339222247712e-05,268.9225158691406,709.2167358398438,2.7784769827121636e-06
1093,286.9587707519531,714.8180541992188,6.800082246627426e-06,269.3973388671875,716.9620971679688,1.1949508916586637e-05,265.4806213378906,710.7908325195312,1.4495348295895383e-05,267.20599365234375,717.0430297851562,2.0032448446727358e-05,261.18865966796875,711.9083862304688,0.0045959181152284145,266.988525390625,715.4712524414062,0.00036551174707710743,268.3619384765625,715.3176879882812,1.809289096854627e-05,268.9225158691406,708.8699951171875,1.0984357686538715e-05
1094,286.9587707519531,714.9224853515625,1.667446304054465e-05,269.3973388671875,716.9620971679688,1.4978894796513487e-05,265.4806213378906,713.23876953125,1.2585516742547043e-05,267.6036682128906,717.0430297851562,1.9751825675484724e-05,261.18865966796875,711.9083862304688,0.009395740926265717,266.988525390625,715.4712524414062,0.0003920158196706325,268.3619384765625,715.5859985351562,1.7227266653208062e-05,268.9225158691406,708.8699951171875,2.1876914615859278e-05
1095,272.5237121582031,714.8180541992188,2.9043194444966502e-06,269.23773193359375,716.681884765625,4.854134203924332e-06,248.905517578125,710.7908325195312,8.198589057428762e-06,267.6036682128906,715.8443603515625,2.9167626053094864e-05,260.0702209472656,712.6971435546875,0.002110323403030634,265.36236572265625,715.3978881835938,8.514547516824678e-05,267.3293762207031,715.3176879882812,1.3289711205288768e-05,268.768798828125,708.2816772460938,9.216804755851626e-06
1096,267.8959045410156,714.9224853515625,3.676649612316396e-06,269.8682861328125,716.4793701171875,7.48865068089799e-06,249.1889190673828,710.7908325195312,4.939612153975759e-06,156.67539978027344,4.5788726806640625,1.74438700923929e-05,259.6468811035156,712.6971435546875,0.002559212502092123,265.0923156738281,715.3978881835938,0.00027724349638447165,267.2665710449219,715.3176879882812,2.106168722093571e-05,268.768798828125,708.8699951171875,5.327815870259656e-06
1097,267.8959045410156,714.8180541992188,3.6215408272255445e-06,270.0794982910156,716.4148559570312,1.0934136298601516e-06,248.905517578125,710.4794921875,4.339832230471075e-06,156.5178680419922,4.444439888000488,2.13405946851708e-05,259.2873840332031,712.7383422851562,0.00012359311222098768,264.5888366699219,716.798828125,1.7977910829358734e-05,266.7140808105469,715.3176879882812,5.145011527929455e-06,268.53729248046875,708.8699951171875,3.7176905607338995e-06
1098,267.84210205078125,715.7794189453125,8.916180377127603e-06,270.0130615234375,716.0191650390625,1.616451845620759e-05,248.32040405273438,713.7582397460938,6.985247182456078e-06,156.67539978027344,4.5788726806640625,1.8204749721917324e-05,259.2873840332031,712.84619140625,0.019294768571853638,264.5888366699219,716.798828125,0.0003350992628838867,266.7140808105469,716.3136596679688,1.844589860411361e-05,268.53729248046875,714.7886962890625,4.952592917106813e-06
1099,267.64825439453125,4.085025310516357,4.635852292267373e-06,271.68133544921875,715.8016357421875,2.528937784518348e-06,152.79393005371094,1.4386913776397705,7.732945960015059e-06,156.63595581054688,4.444439888000488,2.4049570129136555e-05,259.2873840332031,712.6971435546875,0.0008011582540348172,263.23736572265625,716.2972412109375,2.0492754629231058e-05,155.8224639892578,3.9118127822875977,8.813901331450325e-06,155.837890625,1.7237036228179932,5.428634722193237e-06
1100,267.64825439453125,4.085025310516357,7.887750143709127e-06,271.68133544921875,716.0191650390625,1.566792889207136e-05,248.32040405273438,710.620849609375,3.6351648304844275e-05,156.67539978027344,4.207818508148193,3.205955363227986e-05,259.30145263671875,712.84619140625,0.00772029859945178,263.23736572265625,716.2972412109375,0.0010616598883643746,155.8224639892578,4.232172012329102,4.802944386028685e-05,155.837890625,1.7237036228179932,1.910714854602702e-05
1101,4.975609302520752,3.2593274116516113,2.518307610444026e-06,271.2228088378906,715.8016357421875,2.3338500341196777e-06,152.79393005371094,0.5217747688293457,3.453020781307714e-06,156.69256591796875,4.444439888000488,1.9234978026361205e-05,259.4872131347656,712.84619140625,7.031291170278564e-05,4.793912887573242,1.8889081478118896,1.519725628895685e-05,155.08554077148438,3.9118127822875977,4.531487775238929e-06,155.51329040527344,1.3838691711425781,2.764669034149847e-06
1102,4.160431385040283,2.7089433670043945,2.8234749152034055e-06,271.2228088378906,715.8016357421875,1.515389499218145e-06,248.32040405273438,710.1121215820312,5.892398803553078e-06,170.51370239257812,4.44824743270874,5.684451480192365e-06,260.2900085449219,712.8106689453125,0.00018145372450817376,4.696348190307617,1.8889081478118896,2.0268114894861355e-05,155.8224639892578,4.232172012329102,6.096435754443519e-06,2.7775819301605225,-0.5012068748474121,2.508508487153449e-06
1103,4.160431385040283,2.7089433670043945,3.821681275439914e-06,272.40631103515625,715.2457275390625,1.5570069535897346e-06,295.89764404296875,710.1121215820312,1.0637396371748764e-05,170.51370239257812,4.44824743270874,1.5294992408598773e-05,260.2900085449219,712.8106689453125,5.0018115871353075e-05,4.696348190307617,1.8889081478118896,2.2802823878009804e-05,155.8224639892578,4.232172012329102,6.959614438528661e-06,2.7775819301605225,-0.5012068748474121,4.727091891254531e-06
1104,4.160431385040283,3.2593274116516113,3.7503307339648018e-06,271.3417053222656,716.2937622070312,1.804775024538685e-06,295.89764404296875,710.5407104492188,5.327785402187146e-06,266.7047424316406,716.9879760742188,6.9923789851600304e-06,260.4449768066406,713.00634765625,0.00018641141650732607,4.696348190307617,2.2937681674957275,2.126451363437809e-05,261.0042724609375,714.9288940429688,9.872596820059698e-06,2.7775819301605225,-0.5012068748474121,3.8085647702246206e-06
1105,268.9052429199219,716.0368041992188,2.439826857880689e-06,271.95556640625,716.2937622070312,2.1695018403988797e-06,266.6329650878906,710.1121215820312,5.186263933865121e-06,266.7047424316406,716.9879760742188,6.787738584534964e-06,260.5435791015625,712.8106689453125,8.382208761759102e-05,262.90557861328125,715.1917114257812,1.6115034668473527e-05,264.7205810546875,714.9288940429688,6.504291832243325e-06,267.0979309082031,708.6765747070312,3.0419471386267105e-06
1106,268.9052429199219,716.0368041992188,2.0227122149663046e-05,271.95556640625,716.4121704101562,3.8294609112199396e-05,296.10858154296875,710.5407104492188,1.4617968190577812e-05,266.7047424316406,716.9879760742188,4.490760329645127e-05,260.4449768066406,713.00634765625,0.009012831375002861,263.37286376953125,717.08251953125,0.0003573782159946859,264.7205810546875,714.9288940429688,6.656623008893803e-05,267.0979309082031,714.166015625,2.9741984690190293e-05
1107,269.0800476074219,716.0368041992188,4.975097908754833e-06,271.90643310546875,716.7310180664062,8.941785381466616e-06,266.6329650878906,710.5407104492188,5.439315827970859e-06,266.57672119140625,716.8961791992188,1.8850108972401358e-05,260.5435791015625,713.00634765625,0.0015364037826657295,263.50341796875,717.08251953125,0.00012596738815773278,264.7205810546875,714.8755493164062,2.1569734599324875e-05,267.20458984375,714.166015625,9.934581612469628e-06
1108,269.0800476074219,714.69140625,2.113918526447378e-06,271.8137512207031,716.7310180664062,2.5284771254519e-06,247.25750732421875,710.8946533203125,4.318141236581141e-06,156.628173828125,4.490481853485107,9.290748494095169e-06,260.5435791015625,712.9132080078125,9.889928332995623e-05,264.27288818359375,716.4324951171875,2.1473046217579395e-05,265.2932434082031,714.8755493164062,1.3934106391388923e-05,268.22540283203125,708.7932739257812,4.857246494793799e-06
1109,268.9052429199219,714.4266967773438,7.0432424763566814e-06,271.90643310546875,716.7310180664062,4.174312380200718e-06,152.65234375,0.17552804946899414,7.405323685816256e-06,156.628173828125,4.008430004119873,1.473629799875198e-05,260.5435791015625,712.9132080078125,0.00034794019302353263,264.27288818359375,716.1759643554688,1.7915988792083226e-05,260.89404296875,714.3472290039062,7.056426966300933e-06,268.22540283203125,708.6765747070312,4.263997197995195e-06
1110,4.539850234985352,3.6009058952331543,4.185326361039188e-06,271.8137512207031,716.6797485351562,5.426279585662996e-06,152.65234375,0.1309044361114502,7.25789732314297e-06,156.628173828125,4.160104274749756,1.3186857358959969e-05,261.1738586425781,712.9132080078125,0.0019997821655124426,265.9002380371094,716.3384399414062,9.884477913146839e-05,169.76296997070312,714.3472290039062,1.07304713310441e-05,266.3735656738281,708.3331298828125,5.2036234592378605e-06
1111,5.2992939949035645,3.6009058952331543,3.7710744891228387e-06,271.8137512207031,716.6797485351562,1.052257971423387e-06,138.01600646972656,0.12470006942749023,4.067183454026235e-06,156.3249969482422,4.160104274749756,1.4917397493263707e-05,261.1738586425781,712.8679809570312,4.346967034507543e-05,266.0068359375,716.3384399414062,2.1999578166287392e-05,76.06063842773438,714.3472290039062,5.513775704457657e-06,155.73788452148438,1.923095703125,4.078611254954012e-06
1112,4.539850234985352,3.236156940460205,6.463782483479008e-06,270.8169250488281,716.6797485351562,2.7360140393284382e-06,137.44223022460938,0.09714126586914062,8.57331724546384e-06,156.628173828125,4.008430004119873,9.627230610931292e-06,261.1738586425781,712.9132080078125,0.00011293750867480412,266.0068359375,716.4097900390625,3.0826708098175004e-05,169.76296997070312,715.0396118164062,1.1624878425209317e-05,155.73788452148438,1.923095703125,7.467732757504564e-06
1113,4.539850234985352,3.236156940460205,3.384715682841488e-06,270.8169250488281,717.1166381835938,8.919104743654316e-07,137.44223022460938,0.09714126586914062,4.598504347086418e-06,156.87705993652344,4.160104274749756,1.6892166968318634e-05,261.1738586425781,713.3374633789062,0.00014951100456528366,268.05181884765625,716.4097900390625,1.9118448108201846e-05,169.76296997070312,715.0396118164062,8.346501090272795e-06,155.73788452148438,1.923095703125,3.917476533388253e-06
1114,4.622047424316406,3.1401238441467285,2.220672286057379e-06,270.479248046875,717.1166381835938,2.188008693337906e-06,137.2896728515625,0.12470006942749023,3.895589088642737e-06,156.3249969482422,4.249447822570801,8.132677976391278e-06,261.11419677734375,713.3374633789062,0.00018818835087586194,266.0068359375,716.4097900390625,2.1896910766372457e-05,2.7989954948425293,715.685791015625,9.919851436279714e-06,155.73788452148438,1.923095703125,3.6776630167878466e-06
1115,5.2992939949035645,3.1401238441467285,9.660431715019513e-06,270.479248046875,717.2449340820312,4.561421974358382e-06,137.44223022460938,0.34163522720336914,6.7723185566137545e-06,170.544677734375,4.413991451263428,2.218751615146175e-05,261.11419677734375,713.3374633789062,0.0004684115410782397,266.0068359375,716.4097900390625,0.0007684207521378994,266.9183349609375,715.685791015625,2.5310699129477143e-05,267.5628967285156,713.933837890625,1.044701366481604e-05
1116,269.247314453125,715.2384033203125,4.2262336137355305e-06,270.479248046875,717.1166381835938,1.4526764289257699e-06,137.6745147705078,0.34163522720336914,8.906049515644554e-06,170.544677734375,4.249447822570801,1.3650937034981325e-05,261.11419677734375,713.3374633789062,3.724892667378299e-05,266.00640869140625,716.6929931640625,2.648950794537086e-05,266.9183349609375,715.5497436523438,8.626881935924757e-06,267.5628967285156,713.933837890625,4.780355538969161e-06
1117,269.247314453125,715.2384033203125,5.2438208513194695e-06,271.046875,716.145751953125,4.391696165839676e-06,137.7823486328125,0.34163522720336914,5.95671826886246e-06,156.6177520751953,4.255959510803223,1.5053246897878125e-05,259.4764709472656,713.1757202148438,0.0003821660066023469,264.16046142578125,716.7194213867188,9.586993110133335e-05,265.5933837890625,715.685791015625,1.908323793031741e-05,155.96102905273438,1.7703297138214111,7.581701538583729e-06
1118,4.622047424316406,3.477701425552368,6.049881903891219e-06,270.6225891113281,716.145751953125,5.1011234063480515e-06,137.7823486328125,0.18418288230895996,8.430491106992122e-06,156.6177520751953,4.249447822570801,3.0961702577769756e-05,259.4764709472656,713.1757202148438,0.002765563316643238,264.16046142578125,716.3772583007812,6.03030675847549e-05,265.5933837890625,715.5497436523438,1.3788763681077398e-05,3.0810964107513428,-0.365415096282959,5.942839379713405e-06
1119,4.3215413093566895,3.6258492469787598,3.1507806852459908e-06,270.6225891113281,716.145751953125,1.4071796385906055e-06,137.7823486328125,0.18418288230895996,5.972930466668913e-06,156.64205932617188,4.255959510803223,2.0602506992872804e-05,260.4509582519531,712.2855224609375,0.00033337631612084806,264.16046142578125,716.3772583007812,7.447230746038258e-05,265.5933837890625,715.5341186523438,1.2987296031496953e-05,2.867095470428467,-0.365415096282959,3.9579617805429734e-06
1120,4.233775615692139,3.477701425552368,4.3555255615501665e-06,270.6225891113281,716.1039428710938,2.8248057333257748e-06,137.6745147705078,0.18418288230895996,5.659968337567989e-06,156.6177520751953,4.255959510803223,2.3230859369505197e-05,260.4509582519531,712.2855224609375,0.0002851990866474807,261.1761779785156,716.0423583984375,4.079529026057571e-05,262.1985168457031,715.5341186523438,1.345458713331027e-05,2.6871345043182373,-0.5896482467651367,4.7578237172274385e-06
1121,4.233775615692139,3.4567160606384277,3.850828306894982e-06,270.6225891113281,715.9605712890625,1.4160618775349576e-06,137.7823486328125,0.4568603038787842,5.845875421073288e-06,156.64205932617188,4.340887069702148,1.6642721675452776e-05,260.4509582519531,712.8110961914062,0.0001604576682439074,261.1761779785156,716.0423583984375,1.7331543858745135e-05,169.9860382080078,4.001993179321289,6.9088796408323105e-06,2.6857118606567383,-1.0041742324829102,5.4683591770299245e-06
1122,4.233775615692139,3.2486040592193604,5.260616035229759e-06,270.6225891113281,715.9605712890625,2.1223722797003575e-06,152.8630828857422,1.0557472705841064,7.188241852418287e-06,156.64205932617188,4.340887069702148,1.204042746394407e-05,260.4509582519531,712.5111083984375,0.00017181760631501675,263.9800109863281,715.493408203125,3.161395579809323e-05,169.9860382080078,4.001993179321289,1.3194568964536302e-05,2.6857118606567383,-1.0041742324829102,6.524053787870798e-06
1123,3.9069957733154297,3.2005460262298584,3.5476111861498794e-06,269.3403625488281,715.9605712890625,2.292718136231997e-06,248.31813049316406,710.6544189453125,4.425207862368552e-06,156.64205932617188,4.361540794372559,7.732496669632383e-06,260.11883544921875,712.5111083984375,0.0008468855521641672,263.9800109863281,715.493408203125,3.7429424992296845e-05,169.9860382080078,4.001993179321289,7.857501259422861e-06,2.6857118606567383,-0.5896482467651367,4.557273769023595e-06
1124,3.9069957733154297,3.2005460262298584,3.80521714760107e-06,270.75994873046875,715.9605712890625,3.8766734178352635e-06,265.71710205078125,710.6600341796875,5.719541604776168e-06,156.74766540527344,4.361540794372559,1.6209362001973204e-05,260.11883544921875,712.5111083984375,0.00028263620333746076,264.3616638183594,715.8323974609375,9.692786989035085e-05,266.06744384765625,715.2626342773438,1.5906738553894684e-05,2.6857118606567383,-0.4924788475036621,3.872198703902541e-06
1125,4.653322696685791,3.2486040592193604,3.4760366816044552e-06,270.75994873046875,716.2206420898438,8.196713679353707e-06,265.71710205078125,713.4749755859375,8.808900929579977e-06,156.7805938720703,4.361540794372559,1.3494551240000874e-05,260.11883544921875,712.8110961914062,0.00387371052056551,265.8555603027344,716.1915893554688,0.00023746992519591004,267.5316162109375,715.2626342773438,2.529392804717645e-05,268.05145263671875,709.0678100585938,8.08982349553844e-06
1126,4.760849952697754,3.2486040592193604,6.020747150614625e-06,270.3542175292969,716.2206420898438,4.098571025679121e-06,248.31813049316406,713.4749755859375,7.155440016504144e-06,266.4820251464844,717.1189575195312,4.571289991872618e-06,260.1407470703125,712.9027099609375,0.0003961924521718174,265.8555603027344,715.8323974609375,1.735357363941148e-05,267.5316162109375,715.4950561523438,4.2473457142477855e-06,268.05145263671875,709.0678100585938,3.0666390102851437e-06
1127,4.760849952697754,2.9516654014587402,9.416135981155094e-06,270.3542175292969,716.1217651367188,6.755694812454749e-06,265.71710205078125,711.2644653320312,1.1285353139101062e-05,266.4820251464844,717.1189575195312,1.1498928870423697e-05,260.50299072265625,713.2902221679688,0.0026852781884372234,265.8555603027344,716.1915893554688,0.00011371687287464738,267.5316162109375,715.2626342773438,2.328524351469241e-05,268.05145263671875,709.0678100585938,6.9834827627346385e-06
1128,4.760849952697754,2.9516654014587402,3.0457092634605942e-06,270.3542175292969,707.2180786132812,8.716491493032663e-07,247.8283233642578,710.6600341796875,3.220630105715827e-06,156.7805938720703,4.25477933883667,4.499697752180509e-06,260.5401611328125,713.0676879882812,2.7864489311468787e-05,264.4297180175781,715.8323974609375,1.625908953428734e-05,267.10211181640625,714.9640502929688,5.224358574196231e-06,2.812058448791504,-0.6609950065612793,3.170393483742373e-06
1129,4.352624893188477,2.9516654014587402,2.9729746984230587e-06,251.90774536132812,716.1217651367188,1.848983970376139e-06,247.8283233642578,711.2644653320312,8.400739716307726e-06,266.4529724121094,716.9156494140625,8.862036338541657e-06,260.5401611328125,713.2902221679688,8.266993972938508e-05,264.4297180175781,716.1915893554688,2.7799116651294753e-05,265.52899169921875,714.9640502929688,7.641281627002172e-06,2.812058448791504,-0.6609950065612793,2.9093926059431396e-06
1130,4.352624893188477,2.9516654014587402,3.7329816677811323e-06,251.90774536132812,716.1217651367188,1.699581730463251e-06,0.7598562240600586,1.0874507427215576,5.198137841944117e-06,156.46458435058594,4.132794380187988,1.7665248378762044e-05,260.5401611328125,713.2902221679688,5.820177830173634e-05,264.4297180175781,716.7365112304688,2.4202321583288722e-05,261.8734130859375,714.9029541015625,9.22717390494654e-06,2.812058448791504,-0.718174934387207,4.240263024257729e-06
1131,4.352624893188477,2.9516654014587402,2.843802349161706e-06,269.99346923828125,716.8860473632812,1.0383497510702e-06,0.7598562240600586,1.0874507427215576,6.060952273401199e-06,156.46458435058594,4.071347236633301,1.4638041648140643e-05,260.58953857421875,713.0676879882812,0.00011637809075182304,264.4297180175781,716.7365112304688,1.8705808543018065e-05,261.8734130859375,713.2136840820312,9.368314749735873e-06,2.629312753677368,-0.718174934387207,5.791361672891071e-06
1132,4.647149562835693,3.0924437046051025,5.817395049234619e-06,269.99346923828125,716.8860473632812,1.824315290832601e-06,0.7598562240600586,1.0874507427215576,6.3516276895825285e-06,156.51766967773438,4.071347236633301,1.2481099474825896e-05,260.71734619140625,713.0228271484375,0.00023912489996291697,264.01556396484375,716.7365112304688,3.977327287429944e-05,262.03875732421875,713.2136840820312,6.339216270134784e-06,3.23409366607666,-0.6609950065612793,5.275144758343231e-06
1133,4.744322299957275,3.6058778762817383,3.150254997308366e-06,270.02294921875,717.2709350585938,4.106324922759086e-06,247.19866943359375,713.5513305664062,3.2308435038430616e-06,156.53787231445312,4.132794380187988,9.707727258501109e-06,261.7822570800781,712.4234008789062,0.0008383803069591522,265.04364013671875,716.7365112304688,4.4326654460746795e-05,264.9917907714844,714.3465576171875,8.263593372248579e-06,266.6568603515625,708.0999755859375,3.317221398901893e-06
1134,4.744322299957275,3.6058778762817383,9.7038755484391e-06,270.02294921875,716.8860473632812,5.842413429490989e-06,0.7598562240600586,1.0874507427215576,3.5353477869648486e-06,156.53787231445312,4.071347236633301,1.2216012692078948e-05,260.71734619140625,712.4234008789062,0.001104905502870679,267.2543029785156,715.2874145507812,2.4748735086177476e-05,264.9917907714844,714.3465576171875,1.719348983897362e-05,267.5648498535156,708.0999755859375,6.168745585455326e-06
1135,4.744322299957275,2.7723073959350586,4.8995598262990825e-06,270.02294921875,716.5917358398438,8.19600245449692e-06,0.6331298351287842,0.9946224689483643,6.4291466514987405e-06,156.644287109375,4.04777717590332,1.0702284271246754e-05,260.6873779296875,712.6527709960938,0.005814386066049337,264.01556396484375,714.9480590820312,0.00029120343970134854,264.9917907714844,714.3465576171875,1.5195315427263267e-05,267.5648498535156,708.0999755859375,1.03057664091466e-05
1136,4.056400775909424,3.3414506912231445,4.4711150621878915e-06,1.6069996356964111,-2.170711040496826,1.6146842654052307e-06,0.6331298351287842,0.9226105213165283,4.845480816584313e-06,156.6470489501953,4.04777717590332,1.0229234248981811e-05,260.6873779296875,712.6527709960938,5.1332786824787036e-05,259.73187255859375,713.8743286132812,0.0015549081144854426,264.9917907714844,714.3465576171875,7.525336695834994e-05,267.5648498535156,708.0999755859375,5.249099103821209e-06
1137,4.056400775909424,2.926117420196533,3.414028924453305e-06,1.6069996356964111,-2.170711040496826,1.2902469279651996e-06,0.6331298351287842,0.9226105213165283,3.536039457685547e-06,156.83457946777344,4.1283416748046875,1.1130011444038246e-05,260.62109375,712.6527709960938,4.288506897864863e-05,265.93438720703125,713.8743286132812,2.1808527890243568e-05,266.7828369140625,714.3465576171875,8.662389518576674e-06,268.05908203125,708.0999755859375,3.654758756965748e-06
1138,4.056400775909424,2.926117420196533,5.117221917316783e-06,1.6069996356964111,-2.170711040496826,1.7640101077631698e-06,0.6331298351287842,0.9226105213165283,7.166585419327021e-06,156.83457946777344,4.1283416748046875,1.2466098269214854e-05,259.890869140625,712.867431640625,0.00010318346176063642,265.6807556152344,713.8743286132812,2.6003215680248104e-05,266.7828369140625,714.8538818359375,8.878641892806627e-06,268.05908203125,714.4517822265625,5.905956641072407e-06
1139,4.606665134429932,3.18709135055542,5.179595973459072e-06,1.6069996356964111,-2.170711040496826,5.181987489777384e-06,0.6331298351287842,1.1066083908081055,6.721096269757254e-06,156.83457946777344,4.369498252868652,1.4037163964530919e-05,259.890869140625,712.867431640625,0.0009919750737026334,4.679736137390137,2.015864372253418,8.869796147337183e-05,-1.270439624786377,4.011017322540283,1.3287025467434432e-05,2.8585057258605957,-0.47666215896606445,7.337920578720514e-06
1140,4.6428751945495605,3.3414506912231445,2.8701820156129543e-06,269.81103515625,716.0300903320312,2.5832446226559114e-06,153.22259521484375,1.1066083908081055,4.110901500098407e-06,157.036865234375,4.369498252868652,1.003402576316148e-05,259.890869140625,712.199951171875,0.0004712417721748352,259.39111328125,716.0662841796875,0.00014299796021077782,260.731689453125,713.3994140625,1.293182958761463e-05,267.3405456542969,708.7332763671875,3.7482461721083382e-06
1141,4.6428751945495605,3.18709135055542,5.636327387037454e-06,269.9704284667969,716.1171875,1.7557994169692392e-06,153.22259521484375,1.2299869060516357,6.063166438252665e-06,157.036865234375,4.369498252868652,1.0945896974590141e-05,260.0414733886719,712.867431640625,2.3309083189815283e-05,265.6807556152344,716.0662841796875,2.6100955437868834e-05,260.731689453125,713.3994140625,7.545023890997982e-06,267.3405456542969,708.7332763671875,5.908126240683487e-06
1142,4.726773262023926,3.18709135055542,6.065022716938984e-06,270.29620361328125,716.2235717773438,6.878257408970967e-06,152.387451171875,1.1066083908081055,3.7710785818489967e-06,156.97695922851562,4.315585136413574,1.2141458682890516e-05,260.0414733886719,712.867431640625,0.0034747119061648846,265.3588562011719,716.0662841796875,6.637859769398347e-05,81.51529693603516,706.3431396484375,8.881224857759662e-06,82.73457336425781,708.6231079101562,4.826557869819226e-06
1143,4.606665134429932,3.18709135055542,4.018059826194076e-06,269.9704284667969,716.0300903320312,4.683806309913052e-06,0.9976184368133545,0.9444704055786133,4.9095970098278485e-06,156.6926727294922,4.264201641082764,1.1749429177143611e-05,260.3567199707031,713.3261108398438,0.0002831832389347255,259.39111328125,715.008544921875,4.1156232327921316e-05,-1.6830511093139648,3.9468657970428467,8.199457624868955e-06,2.8585057258605957,-0.5711841583251953,4.751153937831987e-06
1144,4.726773262023926,3.7903759479522705,2.999828893734957e-06,269.9704284667969,716.2235717773438,2.393359636698733e-06,152.387451171875,0.9444704055786133,5.596926257567247e-06,156.6926727294922,4.218338489532471,1.9380015146452934e-05,261.42681884765625,713.3261108398438,0.0005265949876047671,265.3588562011719,716.0662841796875,3.276794814155437e-05,81.51529693603516,706.3431396484375,8.308841643156484e-05,82.73457336425781,708.05712890625,0.00038707006024196744
1145,4.726773262023926,3.7903759479522705,2.9413836273306515e-06,269.9704284667969,716.2235717773438,1.0931446468021022e-06,137.37246704101562,0.9444704055786133,3.8105449675640557e-06,156.39956665039062,4.218338489532471,1.2411720490490552e-05,261.42681884765625,713.3261108398438,8.682433690410107e-05,265.3588562011719,715.008544921875,1.7229123841389082e-05,81.51529693603516,3.9184117317199707,5.107402557769092e-06,82.73457336425781,2.1394338607788086,3.644011030701222e-06
1146,268.6781311035156,714.323974609375,4.834647370444145e-06,270.5757751464844,716.1509399414062,3.1040158319228794e-06,152.387451171875,0.9444704055786133,6.529145139211323e-06,156.39956665039062,4.218338489532471,1.7210961232194677e-05,260.4765319824219,712.33056640625,0.0014855958288535476,264.11358642578125,715.8065185546875,0.0001869439729489386,169.26893615722656,706.3431396484375,1.5990741303539835e-05,155.92279052734375,708.05712890625,1.0991294402629137e-05
1147,269.3668212890625,714.8128051757812,4.984163751942106e-06,271.7663269042969,716.1509399414062,2.9952409477118636e-06,248.14247131347656,703.7901611328125,7.440946774295298e-06,156.2656707763672,4.042045593261719,3.346654921188019e-05,260.4765319824219,712.33056640625,0.00021071602532174438,264.11358642578125,715.8065185546875,1.6752132069086656e-05,266.1572570800781,714.7089233398438,7.056137746985769e-06,155.92279052734375,2.1394338607788086,4.9648265303403605e-06
1148,269.3668212890625,714.8128051757812,7.388090580207063e-06,271.7663269042969,716.1509399414062,8.610607437731232e-06,248.14247131347656,703.7901611328125,5.614664132735925e-06,156.39956665039062,4.136316299438477,5.337305537977954e-06,260.4765319824219,711.654541015625,0.002044159220531583,264.9985656738281,715.8553466796875,6.86565981595777e-05,266.1572570800781,714.7089233398438,7.8049906733213e-06,155.92279052734375,2.1394338607788086,4.089458343514707e-06
1149,268.6781311035156,716.2000732421875,9.322665391664486e-06,271.7663269042969,715.8309936523438,6.989171652094228e-06,248.12985229492188,703.7901611328125,4.4014946070092265e-06,156.47811889648438,4.136316299438477,8.312740646942984e-06,260.12628173828125,711.654541015625,0.0023378748446702957,264.9985656738281,715.8553466796875,2.9394142984529026e-05,169.26893615722656,714.7089233398438,6.551599199156044e-06,155.92279052734375,2.1394338607788086,3.06888910017733e-06
1150,267.6304016113281,716.2000732421875,3.572470404833439e-06,271.64923095703125,716.0266723632812,1.2863424672104884e-06,248.12985229492188,703.7901611328125,5.121615686221048e-06,156.7801971435547,4.190018653869629,1.3465536540024914e-05,259.564453125,712.33056640625,0.0001664464798523113,264.9985656738281,716.1364135742188,2.7105441404273733e-05,2.339536190032959,715.3137817382812,8.23098343971651e-06,3.079416275024414,-0.3930950164794922,5.269055691314861e-06
1151,4.97644567489624,3.4004039764404297,5.749226147599984e-06,270.0179443359375,716.0266723632812,1.1883404113177676e-05,137.45848083496094,0.9617164134979248,7.794220437062904e-06,156.56451416015625,4.136316299438477,2.1346193534554914e-05,260.12628173828125,712.3917236328125,0.00866398960351944,265.5950012207031,716.1364135742188,0.00042791300802491605,2.339536190032959,715.9821166992188,1.7368987755617127e-05,3.0428755283355713,-0.8631477355957031,8.586326657678e-06
1152,4.584019184112549,2.8783135414123535,3.327734702907037e-06,270.0179443359375,715.8309936523438,1.7494633084425004e-06,137.45848083496094,0.9617164134979248,3.4491206406528363e-06,156.56451416015625,4.136316299438477,6.6845582296082284e-06,260.0345153808594,712.580078125,0.0012867096811532974,265.9936828613281,716.2033081054688,3.98183983634226e-05,2.339536190032959,716.0201416015625,9.173809303320013e-06,3.0126185417175293,-0.8631477355957031,3.3337569220748264e-06
1153,4.97644567489624,2.8783135414123535,2.624612989166053e-06,271.64923095703125,715.8309936523438,1.1062940075134975e-06,248.12985229492188,712.7701416015625,3.970744273829041e-06,156.49888610839844,3.9544427394866943,2.1158659365028143e-05,260.0345153808594,712.580078125,8.533714571967721e-05,265.5950012207031,716.2033081054688,8.973973308457062e-05,2.444124698638916,716.0201416015625,6.949672751943581e-06,3.0428755283355713,-0.8631477355957031,2.6793231882038526e-06
1154,4.97644567489624,2.8783135414123535,2.0288239284127485e-06,271.64923095703125,716.0266723632812,7.930229912744835e-07,248.6965789794922,712.7701416015625,4.61226863990305e-06,156.56451416015625,3.9544427394866943,9.330528882856015e-06,260.0345153808594,712.580078125,6.20135833742097e-05,265.9936828613281,716.2033081054688,1.8459501006873325e-05,3.2896106243133545,715.9821166992188,6.816703717049677e-06,3.0428755283355713,-0.8631477355957031,2.079363866869244e-06
1155,253.27561950683594,713.9114379882812,7.058089067868423e-06,269.5127868652344,717.048828125,3.392264716239879e-06,248.82774353027344,713.3630981445312,7.92936043580994e-06,156.49888610839844,3.9544427394866943,8.415758202318102e-06,260.0796813964844,712.580078125,0.0011935709044337273,267.0143127441406,716.1456909179688,4.787820944329724e-05,253.2791290283203,715.4329833984375,1.218373654410243e-05,252.63954162597656,712.482177734375,3.4868069178628502e-06
1156,253.27561950683594,713.9114379882812,9.01984367374098e-06,270.8813781738281,716.195068359375,1.4299146641860716e-05,248.82774353027344,713.3630981445312,5.552026050281711e-05,156.4958953857422,4.535100936889648,1.5106930732144974e-05,260.0345153808594,712.2549438476562,0.020234795287251472,265.9936828613281,716.2033081054688,0.00023059001250658184,253.2791290283203,715.4329833984375,2.0245126506779343e-05,252.63954162597656,712.482177734375,1.3849927199771628e-05
1157,253.27561950683594,713.9114379882812,5.638886250380892e-06,269.5127868652344,717.048828125,3.8511038837896194e-06,248.82774353027344,713.3630981445312,9.348653293272946e-06,156.4958953857422,4.535100936889648,8.979462108982261e-06,260.0796813964844,712.2190551757812,0.00035349183599464595,267.0143127441406,716.32861328125,7.286524487426504e-05,253.2791290283203,714.7456665039062,2.0432298697414808e-05,252.63954162597656,712.482177734375,7.627462309756083e-06
1158,4.57723331451416,2.7267844676971436,2.5858500976028154e-06,268.939697265625,717.048828125,1.8373982584307669e-06,153.19862365722656,0.38390064239501953,4.391843049234012e-06,156.83688354492188,4.535100936889648,2.0755815057782456e-05,259.5136413574219,712.2190551757812,0.0004867253883276135,267.0143127441406,716.2156372070312,2.8752841899404302e-05,156.3150634765625,713.30810546875,8.837417226459365e-06,156.5152130126953,2.757352828979492,3.2221723813563585e-06
1159,4.57723331451416,2.7267844676971436,4.44624447482056e-06,269.5127868652344,716.195068359375,1.6680113503753091e-06,153.19862365722656,0.38390064239501953,5.378494279284496e-06,156.3625946044922,4.264033794403076,7.825084139767569e-06,262.6315002441406,713.1757202148438,0.00031376027618534863,267.0143127441406,716.32861328125,4.300908767618239e-05,80.35210418701172,706.7334594726562,8.032857294892892e-06,155.57286071777344,2.757352828979492,4.759711828228319e-06
1160,4.57723331451416,2.7267844676971436,3.9613337321497966e-06,270.42840576171875,716.195068359375,1.5142583151828148e-06,153.19862365722656,0.38390064239501953,9.278379366151057e-06,156.4463348388672,4.173479080200195,3.111832120339386e-05,265.1087951660156,712.2190551757812,0.00018674017337616533,267.18463134765625,716.8843383789062,6.272539030760527e-05,80.35210418701172,706.7334594726562,8.864081792125944e-06,155.57286071777344,2.757352828979492,4.0176728361984715e-06
1161,5.001376628875732,3.4334237575531006,5.261227670416702e-06,269.104248046875,717.5123291015625,2.1269840999593725e-06,153.19862365722656,0.38390064239501953,5.376437911763787e-06,156.61865234375,4.173479080200195,7.941067451611161e-06,265.1087951660156,711.53857421875,0.00036979050491936505,268.9822692871094,716.32861328125,0.0002372495218878612,156.3150634765625,706.7334594726562,9.66160514508374e-05,155.63658142089844,2.757352828979492,0.0007845649961382151
1162,285.8196716308594,714.4852905273438,2.7197077088203514e-06,269.26055908203125,717.5123291015625,1.5659702512493823e-06,258.7677917480469,710.5266723632812,4.582057499646908e-06,156.61865234375,4.264033794403076,1.2156184311606921e-05,265.1087951660156,711.53857421875,0.0001529461587779224,268.86041259765625,716.8843383789062,4.028513649245724e-05,156.3150634765625,712.2333374023438,1.1239385457884055e-05,155.63658142089844,708.6678466796875,5.247322860668646e-06
1163,285.8196716308594,714.4852905273438,4.945494765706826e-06,269.26055908203125,717.7408447265625,7.693079169257544e-06,258.7677917480469,710.5266723632812,6.941458650544519e-06,156.4463348388672,4.173479080200195,3.186344838468358e-05,265.1087951660156,710.9986572265625,0.0011213371763005853,268.86041259765625,716.8843383789062,0.0002133978414349258,252.5388946533203,713.6903076171875,1.9587243514251895e-05,81.75089263916016,708.6678466796875,6.668474725302076e-06
1164,5.001376628875732,3.724761724472046,2.767341129583656e-06,269.104248046875,718.2600708007812,2.8386621124809608e-06,152.31556701660156,710.5266723632812,5.31488558408455e-06,156.4463348388672,4.380495548248291,1.5329060261137784e-05,265.0185546875,710.9986572265625,0.0007080052164383233,267.18463134765625,716.6218872070312,0.0001064276511897333,252.5388946533203,713.6903076171875,6.141132325865328e-05,76.7955322265625,711.5516357421875,0.00021965973428450525
1165,4.878156661987305,3.724761724472046,4.3569630179263186e-06,252.38150024414062,718.2600708007812,2.852096940841875e-06,137.5458984375,0.4988880157470703,7.239453680085717e-06,156.61865234375,4.380495548248291,1.4681899301649537e-05,259.1868896484375,710.9986572265625,0.0013475059531629086,259.209716796875,715.9070434570312,3.652738087112084e-05,76.53639221191406,712.6661987304688,7.528843980253441e-06,75.34156036376953,2.3004274368286133,4.77158300782321e-06
1166,4.447592735290527,3.324402332305908,5.255245014268439e-06,73.83723449707031,717.7408447265625,1.0290239515597932e-05,72.01106262207031,0.8505933284759521,5.3513317652686965e-06,156.4182586669922,4.278789043426514,1.66912632266758e-05,259.1868896484375,712.5267333984375,0.00010145021951757371,75.01101684570312,713.1678466796875,2.9462647944455966e-05,73.02943420410156,712.2333374023438,9.858761768555269e-05,2.889662027359009,-0.6578578948974609,0.000997228897176683
1167,4.447592735290527,2.6866891384124756,3.3903368148457957e-06,1.170182704925537,-2.780113697052002,1.0232406566501595e-06,0.552722692489624,0.7481307983398438,3.335518840685836e-06,156.2216339111328,4.198335647583008,5.703522219846491e-06,259.1868896484375,712.7037353515625,0.0004298107232898474,4.643130779266357,2.155290126800537,2.0174606106593274e-05,-1.9070348739624023,4.015402317047119,6.143330210761633e-06,2.8299832344055176,-0.6811809539794922,3.3926010019058594e-06
1168,4.472309112548828,2.6866891384124756,3.7823915590706747e-06,1.170182704925537,-2.780113697052002,1.5178700323303929e-06,0.552722692489624,0.8505933284759521,5.052802862337558e-06,156.4182586669922,4.198335647583008,1.4119720617600251e-05,259.4385681152344,713.1318969726562,0.0001399550528731197,4.643130779266357,2.155290126800537,2.0637016859836876e-05,-2.08099365234375,4.015402317047119,6.100675818743184e-06,2.8299832344055176,-0.7932538986206055,4.637784513761289e-06
1169,4.472309112548828,2.9333295822143555,4.2146662053710315e-06,1.170182704925537,-2.780113697052002,1.4543910538122873e-06,0.552722692489624,0.8505933284759521,4.875374088442186e-06,156.43907165527344,4.198335647583008,5.2361747293616645e-06,259.4532775878906,712.7037353515625,6.960124301258475e-05,4.643130779266357,2.155290126800537,1.9644447093014605e-05,-2.08099365234375,4.015402317047119,7.261352493515005e-06,2.8299832344055176,-0.7932538986206055,4.579768301482545e-06
1170,4.603052139282227,3.0377657413482666,3.5425603073235834e-06,270.26885986328125,1.4687631130218506,1.3974715784570435e-06,0.9761109352111816,0.8505933284759521,4.265009920345619e-06,156.4182586669922,4.278789043426514,1.4063064554648008e-05,260.0482177734375,712.7037353515625,0.00015714378969278187,5.103756904602051,2.155290126800537,1.7585258319741115e-05,-1.9070348739624023,4.015402317047119,4.986849944543792e-06,2.934638023376465,-0.7932538986206055,4.142539637541631e-06
1171,4.603052139282227,3.0066919326782227,5.135183073434746e-06,270.26885986328125,1.4687631130218506,6.023652986186789e-06,0.9761109352111816,0.9532158374786377,7.5282700890966225e-06,156.43907165527344,4.198335647583008,1.1045514838770032e-05,260.0482177734375,712.4765014648438,0.0013122470118105412,5.103756904602051,2.307283639907837,0.00013048257096670568,-1.370894432067871,4.015402317047119,1.427241659257561e-05,2.934638023376465,-0.3143324851989746,4.068917860422516e-06
1172,4.8070807456970215,3.0377657413482666,2.2622307369601913e-06,271.35003662109375,716.7329711914062,8.661916126584401e-07,137.5984344482422,1.0447769165039062,8.078930477495305e-06,156.5935821533203,4.347784042358398,1.2834817425755318e-05,260.56146240234375,712.4765014648438,0.00012476419215090573,264.21319580078125,716.2876586914062,1.0022224159911275e-05,155.50152587890625,4.02606725692749,5.064125161879929e-06,155.67381286621094,1.6708590984344482,3.537297288858099e-06
1173,4.935752868652344,3.454802989959717,5.480528670886997e-06,270.26885986328125,1.4687631130218506,2.1728105821239296e-06,152.83522033691406,0.9532158374786377,6.531200142489979e-06,156.86892700195312,4.347784042358398,2.1727690182160586e-05,260.0482177734375,712.3515625,0.00028621021192520857,5.195052623748779,2.307283639907837,3.3389052987331524e-05,170.1287384033203,3.8799753189086914,1.1260853170824703e-05,155.67381286621094,1.6708590984344482,5.847106876899488e-06
1174,4.935752868652344,3.454802989959717,4.692471065936843e-06,271.35003662109375,1.4687631130218506,1.3554565157392062e-05,152.70022583007812,0.3054795265197754,7.255316177179338e-06,156.77195739746094,4.258699893951416,2.5891593395499513e-05,259.856689453125,712.4765014648438,0.002778350142762065,5.195052623748779,2.307283639907837,0.0003151516430079937,170.1287384033203,3.8799753189086914,5.4675081628374755e-05,155.67381286621094,1.6708590984344482,1.3299791135068517e-05
1175,4.935752868652344,3.826030731201172,4.044772140332498e-06,270.068603515625,716.4557495117188,1.0689805094443727e-06,152.70022583007812,0.8661036491394043,4.202083800919354e-06,156.77195739746094,4.077950954437256,1.4545586964231916e-05,259.856689453125,712.4765014648438,2.0769140974152833e-05,259.5437927246094,715.5916137695312,2.1716774426749907e-05,170.1287384033203,3.8799753189086914,5.280207915348001e-06,3.2199621200561523,-0.3143324851989746,3.895726422342705e-06
1176,269.01904296875,714.5242309570312,2.7222588414588245e-06,271.35003662109375,716.4557495117188,2.6398352019896265e-06,152.70022583007812,0.689577579498291,3.813998546320363e-06,156.77195739746094,4.194867134094238,1.736233025440015e-05,260.56146240234375,711.773681640625,0.0009459519642405212,259.5437927246094,715.5916137695312,3.0393837732844986e-05,170.1287384033203,713.5182495117188,1.1166915101057384e-05,3.2199621200561523,-0.6071028709411621,2.911385308834724e-06
1177,4.935752868652344,3.826030731201172,5.490137937158579e-06,271.5864562988281,715.4739990234375,2.7937389859289397e-06,0.945063591003418,0.689577579498291,8.023593181860633e-06,156.6752471923828,3.8774478435516357,9.103886441153008e-06,259.5254211425781,711.696044921875,0.0005958291585557163,259.5437927246094,714.982666015625,4.2655727156670764e-05,170.1287384033203,713.5182495117188,8.339658961631358e-06,2.8734679222106934,-0.7662248611450195,6.787227448512567e-06
1178,5.272373199462891,3.826030731201172,4.2765282159962226e-06,271.5864562988281,716.3247680664062,1.7071614593078266e-06,0.945063591003418,0.689577579498291,4.316399554227246e-06,156.6752471923828,3.896827220916748,1.689716191322077e-05,260.8219299316406,711.773681640625,0.00020690741075668484,260.40740966796875,715.5916137695312,2.193208274547942e-05,259.61651611328125,714.6288452148438,1.191831506730523e-05,2.8734679222106934,-1.1548571586608887,4.693272330769105e-06
1179,5.272373199462891,3.826030731201172,6.028416919434676e-06,271.5864562988281,715.8844604492188,3.862834091705736e-06,0.945063591003418,0.8661036491394043,8.1510024756426e-06,156.6752471923828,3.896827220916748,1.4043645023775753e-05,260.8219299316406,711.773681640625,0.0012883222661912441,260.40740966796875,715.5916137695312,0.00017484482668805867,261.27142333984375,715.5726928710938,8.239717317337636e-06,2.504978656768799,-1.1548571586608887,6.184933226904832e-06
1180,268.7367858886719,714.5242309570312,2.554668753873557e-06,271.5864562988281,715.8844604492188,1.4470749647443881e-06,152.80531311035156,0.8673293590545654,3.849558197543956e-06,156.68701171875,4.089104652404785,1.2542715921881609e-05,260.8080749511719,712.5835571289062,0.00010762774763861671,260.40740966796875,716.2809448242188,1.7300051695201546e-05,262.11700439453125,715.5726928710938,5.521058028534753e-06,2.8734679222106934,-1.0215702056884766,2.5398067009518854e-06
1181,5.272373199462891,3.54390549659729,8.636793609184679e-06,271.5515441894531,715.8844604492188,5.393760602601105e-06,152.80531311035156,0.8673293590545654,1.5311425158870406e-05,156.68701171875,3.896827220916748,7.397757599392207e-06,258.8858947753906,712.5835571289062,0.001759726437740028,260.40740966796875,716.2809448242188,0.00012772445916198194,262.11700439453125,714.6288452148438,1.2210327440698165e-05,2.9226365089416504,-1.0215702056884766,4.979198820365127e-06
1182,5.272373199462891,3.301041841506958,4.735751190310111e-06,271.3410949707031,716.3247680664062,6.438165655708872e-06,152.80531311035156,0.18263506889343262,8.20782133814646e-06,156.77398681640625,4.089104652404785,1.3350584595173132e-05,258.8858947753906,712.5835571289062,0.0016176830977201462,259.4178466796875,716.3425903320312,6.879868305986747e-05,261.27142333984375,714.1659545898438,1.6935571693466045e-05,75.60909271240234,1.648838758468628,6.928641596459784e-06
1183,268.7367858886719,713.8889770507812,3.0836984024062986e-06,271.5515441894531,715.8844604492188,8.976687695394503e-07,247.1732635498047,710.7850341796875,4.361702394817257e-06,156.7897491455078,4.45953893661499,1.8379121684120037e-05,258.8858947753906,712.4631958007812,0.00016335143300238997,259.4178466796875,716.2809448242188,1.4261166143114679e-05,261.27142333984375,714.1659545898438,5.969405265204841e-06,155.56503295898438,708.7593383789062,3.3506439649499953e-06
1184,5.222316741943359,3.301041841506958,2.4984740321087884e-06,253.8118438720703,706.7833251953125,2.295884314662544e-06,247.1732635498047,710.7850341796875,6.188744919199962e-06,156.68701171875,4.27910041809082,2.9665217880392447e-05,259.3477478027344,712.4631958007812,0.0004899419145658612,259.4178466796875,715.7507934570312,3.164535519317724e-05,169.72348022460938,714.0582275390625,1.3080919416097458e-05,155.56503295898438,708.7593383789062,1.2808392966690008e-05
1185,5.222316741943359,3.301041841506958,5.854416485817637e-06,253.8118438720703,706.7833251953125,3.2180419111682568e-06,247.1732635498047,710.8065185546875,3.6211852147971513e-06,156.50767517089844,4.27910041809082,1.0923456102318596e-05,259.3477478027344,711.5836181640625,0.000434498128015548,259.4178466796875,715.7507934570312,4.7186200390569866e-05,155.4171142578125,714.1659545898438,1.0013874998549e-05,155.56503295898438,1.648838758468628,6.199908966664225e-06
1186,5.384036064147949,2.894942045211792,4.445850208867341e-06,270.77593994140625,710.3916625976562,1.2497408761191764e-06,247.1732635498047,710.8065185546875,6.457627932832111e-06,156.39105224609375,4.27910041809082,2.5492961867712438e-05,259.7235412597656,711.5836181640625,8.98010257515125e-05,260.1897888183594,716.7981567382812,2.1385170839494094e-05,169.72348022460938,714.206298828125,7.103345524228644e-06,155.95619201660156,714.1996459960938,4.116747277294053e-06
1187,285.6575927734375,4.220535755157471,1.23288714348746e-06,270.77593994140625,706.7833251953125,1.2283428532100515e-06,247.1732635498047,710.8065185546875,2.9759587505395757e-06,156.3350830078125,4.27910041809082,1.2898647582915146e-05,259.7235412597656,711.5836181640625,9.105168282985687e-05,260.1897888183594,715.7507934570312,1.3570965165854432e-05,169.72348022460938,714.206298828125,5.9101375882164575e-06,155.95619201660156,1.603675365447998,2.6483733108761953e-06
1188,5.384036064147949,2.894942045211792,3.869223291985691e-06,270.204833984375,710.3916625976562,3.3495923617010703e-06,296.8770751953125,710.8065185546875,5.5752971093170345e-06,156.3350830078125,4.174097061157227,1.9337498088134453e-05,259.7235412597656,712.7063598632812,0.000742143951356411,260.1897888183594,716.2085571289062,3.0285073080449365e-05,169.72348022460938,3.544985294342041,7.819899110472761e-06,155.59246826171875,1.4704434871673584,3.937650035368279e-06
1189,267.3955993652344,4.220535755157471,3.5041780392930377e-06,270.77593994140625,715.8626098632812,1.2148141195211792e-06,248.90098571777344,710.8065185546875,6.58435146760894e-06,156.24363708496094,4.174097061157227,2.351688817725517e-05,259.7235412597656,712.517333984375,1.2840521776524838e-05,260.2909240722656,716.2085571289062,1.730463918647729e-05,170.03823852539062,716.154541015625,5.936336947343079e-06,155.95619201660156,1.603675365447998,4.126633029954974e-06
1190,5.384036064147949,3.2298223972320557,3.0770797820878215e-06,270.77593994140625,716.1796875,1.2070318007317837e-06,152.5109100341797,0.1297471523284912,3.36192965733062e-06,156.3350830078125,4.394820213317871,1.4027958059159573e-05,259.7235412597656,712.6394653320312,0.000157686707098037,260.2909240722656,716.2085571289062,1.678198532317765e-05,170.03823852539062,712.3215942382812,7.771071068418678e-06,155.59246826171875,712.9035034179688,2.897867489082273e-06
1191,4.760468006134033,3.8346621990203857,6.180534910527058e-06,270.204833984375,716.1796875,1.1881126738444436e-05,152.5109100341797,1.1369905471801758,9.74366776063107e-06,156.5538330078125,4.394820213317871,1.0701274732127786e-05,259.8166198730469,712.6394653320312,0.01417719665914774,264.17889404296875,715.8929443359375,0.0007725459290668368,170.03823852539062,712.3215942382812,2.8118747650296427e-05,75.2776107788086,1.603675365447998,7.510256182285957e-06
1192,4.760468006134033,3.8346621990203857,3.6941664802725427e-06,271.6815185546875,716.209228515625,2.483628350091749e-06,248.16839599609375,711.5003051757812,5.6887356549850665e-06,156.5538330078125,4.185779094696045,2.4585151550127193e-05,259.8166198730469,712.6394653320312,0.00037833821261301637,264.17889404296875,716.1985473632812,1.8784518033498898e-05,170.03823852539062,712.3215942382812,1.2953491022926755e-05,75.2776107788086,710.6997680664062,3.716355422511697e-05
1193,267.3955993652344,716.4171752929688,4.2931264943035785e-06,271.6815185546875,716.438232421875,1.3514721786123118e-06,248.16839599609375,709.7213745117188,5.470512860483723e-06,156.5538330078125,4.394820213317871,4.27828626925475e-06,259.8166198730469,712.517333984375,5.85894740652293e-05,264.17889404296875,716.0449829101562,0.00012841701391153038,266.5535583496094,714.8135986328125,1.1536735655681696e-05,78.9066390991211,710.6997680664062,4.901232841802994e-06
1194,268.6524353027344,716.5567626953125,8.318077561852988e-06,271.4310302734375,716.6749267578125,1.6706486348994076e-05,152.5109100341797,1.1369905471801758,8.338425686815754e-06,156.58657836914062,4.185779094696045,1.1907294720003847e-05,261.4435729980469,712.6394653320312,0.025540202856063843,264.17889404296875,716.0449829101562,0.00011383545643184334,75.747802734375,712.3215942382812,0.00024141087487805635,75.2776107788086,708.7967529296875,0.0038408725522458553
1195,269.0169677734375,716.6021728515625,1.7668317013885826e-05,271.4310302734375,716.438232421875,1.7747517631505616e-05,137.43748474121094,1.1369905471801758,7.540391379734501e-06,156.5538330078125,4.135159492492676,1.772361974872183e-05,261.4435729980469,712.4984130859375,0.0038829382974654436,259.78436279296875,715.882080078125,0.0001451010029995814,155.43353271484375,706.9517822265625,3.436076804064214e-05,3.1838974952697754,-0.3425416946411133,1.6775184121797793e-05
1196,269.37261962890625,716.6021728515625,3.791163408095599e-06,272.6761169433594,716.438232421875,1.38803204663418e-06,137.43748474121094,0.7399101257324219,5.292993137118174e-06,156.5161895751953,4.096041679382324,1.1836037629109342e-05,259.7919921875,712.4984130859375,8.096454985206947e-05,257.9639587402344,715.9073486328125,2.2300708224065602e-05,155.43353271484375,706.9517822265625,7.284810180863133e-06,78.9066390991211,708.7967529296875,5.553793926083017e-06
1197,270.1446228027344,716.5567626953125,5.509108177648159e-06,271.4310302734375,716.5868530273438,3.575244818421197e-06,137.30262756347656,0.11953234672546387,7.107119927241001e-06,156.63941955566406,3.9291434288024902,3.677936183521524e-05,260.18182373046875,712.8230590820312,0.0005872762412764132,257.9639587402344,715.9073486328125,1.7249394659302197e-05,260.70135498046875,713.6848754882812,7.0783526098239236e-06,266.97601318359375,708.45458984375,3.905636731360573e-06
1198,270.1446228027344,715.9255981445312,7.89701607573079e-06,271.7170715332031,716.5868530273438,8.432476533926092e-06,137.30262756347656,-0.025318145751953125,1.3152344763511792e-05,156.5420379638672,3.9291434288024902,2.9172608265071176e-05,259.7919921875,712.82958984375,0.0028803658206015825,257.9639587402344,715.9073486328125,0.00011044181155739352,155.6417999267578,4.37911319732666,2.028807284659706e-05,155.94647216796875,2.1275272369384766,5.7569782256905455e-06
1199,269.37261962890625,715.1193237304688,4.307948984205723e-06,271.7170715332031,716.4207153320312,2.4189241685235174e-06,137.30262756347656,-0.025318145751953125,3.883755653077969e-06,156.453125,3.9291434288024902,1.528420216345694e-05,259.7919921875,712.82958984375,0.0004421649209689349,260.5415954589844,716.2738647460938,4.065811663167551e-05,155.6417999267578,713.6848754882812,8.790690117166378e-06,155.94647216796875,2.1275272369384766,5.925307505094679e-06
1200,269.37261962890625,714.00537109375,2.9993252610438503e-06,271.7170715332031,715.8818969726562,1.5822926116015879e-06,137.30262756347656,0.11953234672546387,5.248578872851795e-06,156.5420379638672,3.9473230838775635,2.4508583010174334e-05,260.18182373046875,712.82958984375,0.00040606435504741967,260.5415954589844,716.2738647460938,6.572491111001e-05,155.6417999267578,715.6751098632812,6.949506314413156e-06,155.94647216796875,2.1275272369384766,4.227180852467427e-06
1201,4.675304889678955,3.0356574058532715,3.186747562722303e-06,270.12744140625,706.7949829101562,1.5917382825136883e-06,137.0505828857422,0.7637577056884766,4.109479050384834e-06,156.5420379638672,3.9473230838775635,1.090182013285812e-05,260.2236022949219,712.8230590820312,9.781087283045053e-05,260.5415954589844,716.2738647460938,4.355078635853715e-05,2.7513341903686523,715.6751098632812,8.312169484270271e-06,2.8321919441223145,-0.3765683174133301,4.130865818297025e-06
1202,4.042603492736816,2.955526351928711,3.0150381462590303e-06,1.6803452968597412,-2.3626561164855957,1.5718487702542916e-06,137.21559143066406,0.7637577056884766,4.968668235960649e-06,156.21572875976562,3.9673821926116943,4.175618869339814e-06,261.8356018066406,712.3582153320312,0.00010068442497868091,4.642123222351074,2.398102283477783,7.599871423735749e-06,2.6401615142822266,4.37911319732666,3.970880698034307e-06,2.8321919441223145,-0.3765683174133301,1.5855855508561945e-06
1203,4.042603492736816,3.0356574058532715,4.6249670049292035e-06,1.6803452968597412,-2.3626561164855957,1.6711446733097546e-06,137.19113159179688,0.7637577056884766,5.381224127631867e-06,156.21572875976562,3.9673821926116943,9.579744983057026e-06,261.8356018066406,712.3582153320312,9.225391113432124e-05,4.642123222351074,2.398102283477783,2.715467599045951e-05,2.6401615142822266,715.0014038085938,8.22756192064844e-06,2.8321919441223145,-0.3765683174133301,4.4414514377422165e-06
1204,4.412151336669922,3.051013231277466,2.417211135252728e-06,270.7032165527344,706.7949829101562,1.0750788987934357e-06,137.21559143066406,1.3264591693878174,3.3157664347527316e-06,156.3579864501953,3.878204345703125,1.057224471878726e-05,261.8356018066406,712.3582153320312,2.494355067028664e-05,4.642123222351074,2.398102283477783,1.5061674275784753e-05,2.7513341903686523,714.50927734375,5.692344075214351e-06,67.55903625488281,708.36865234375,3.696605290315347e-06
1205,4.412151336669922,3.051013231277466,5.677771241607843e-06,270.32611083984375,716.5464477539062,6.547763859998668e-06,137.21559143066406,1.3264591693878174,4.881929271505214e-06,156.3579864501953,3.878204345703125,1.7571914213476703e-05,261.203125,712.1158447265625,0.003069518832489848,264.1965637207031,715.5917358398438,0.0002003257250180468,262.4131774902344,714.50927734375,1.4860303963359911e-05,268.6414794921875,709.0059204101562,9.406183380633593e-06
1206,4.412151336669922,3.051013231277466,3.974855189881055e-06,270.7032165527344,716.5464477539062,5.169484666112112e-06,247.2675018310547,709.0875854492188,7.87652788858395e-06,156.3579864501953,3.9673821926116943,1.6400665117544122e-05,260.3814392089844,712.1158447265625,0.0011423282558098435,264.1965637207031,716.0711059570312,0.00015226688992697746,262.4131774902344,714.50927734375,1.4374688362295274e-05,268.6414794921875,709.0059204101562,8.290826372103766e-06
1207,4.412151336669922,3.489013910293579,1.2375187907309737e-05,271.07501220703125,716.6403198242188,3.1327494070865214e-05,247.2675018310547,709.0875854492188,1.1370914762665052e-05,156.3579864501953,4.040083885192871,3.3179465390276164e-05,260.3814392089844,712.6603393554688,0.0075022936798632145,264.5398864746094,716.8935546875,0.00059587910072878,265.9617919921875,715.0014038085938,6.095430217101239e-05,268.6414794921875,708.8008422851562,2.622495958348736e-05
1208,4.412151336669922,3.11401629447937,2.3935056105983676e-06,271.07501220703125,716.5464477539062,1.4545215663019917e-06,247.2675018310547,709.0875854492188,3.941204340662807e-06,156.3579864501953,4.040083885192871,5.504738965100842e-06,259.96124267578125,712.1158447265625,0.00043375094537623227,264.5398864746094,716.8935546875,1.55201068992028e-05,262.4131774902344,715.418212890625,5.407981007010676e-06,268.0690612792969,708.36865234375,2.602479980851058e-06
1209,5.192677974700928,3.489013910293579,2.657585355336778e-06,271.4830627441406,716.2509765625,1.5999671632016543e-06,137.42330932617188,1.6811535358428955,4.538597750070039e-06,156.55935668945312,4.065079212188721,2.248286000394728e-05,259.96124267578125,712.1158447265625,0.0001531932648504153,264.5398864746094,716.8935546875,2.7390649847802706e-05,260.3431091308594,715.418212890625,7.178857231338043e-06,3.0432705879211426,-0.6305298805236816,3.1209142434818204e-06
1210,4.4309258460998535,3.11401629447937,2.158796405637986e-06,280.3601989746094,715.9739379882812,6.500239919660089e-07,137.42330932617188,1.6811535358428955,2.331758651052951e-06,156.55935668945312,4.040083885192871,6.982050308579346e-06,260.8220520019531,712.08203125,6.464938633143902e-05,259.5804138183594,716.6860961914062,1.2374822290439624e-05,260.3431091308594,714.775390625,5.697422693629051e-06,3.0432705879211426,-0.6305298805236816,2.0377749478939222e-06
1211,4.4309258460998535,3.489013910293579,6.017233317834325e-06,271.4830627441406,715.9739379882812,3.5881494113709778e-06,137.23976135253906,0.9982621669769287,4.15878048443119e-06,156.55935668945312,4.040083885192871,9.841791325015947e-06,261.25634765625,712.6373901367188,0.00019852255354635417,5.502944469451904,2.333369731903076,3.0438533940468915e-05,2.7403266429901123,714.775390625,6.8423196353251114e-06,3.0432705879211426,-0.6305298805236816,4.199479917588178e-06
1212,4.4309258460998535,3.11401629447937,3.416566187297576e-06,271.4830627441406,715.9739379882812,1.0959765859297477e-06,136.89051818847656,0.9982621669769287,3.393772431081743e-06,156.59774780273438,4.114810466766357,1.1681444448186085e-05,260.8220520019531,712.6373901367188,1.7158272385131568e-05,5.502944469451904,2.333369731903076,1.1791320503107272e-05,2.7403266429901123,714.775390625,4.259538854967104e-06,3.0432705879211426,-0.6305298805236816,2.6797088139574043e-06
1213,4.4309258460998535,3.602139472961426,3.7320239698601654e-06,270.6754455566406,715.9739379882812,1.4090501281316392e-06,136.89051818847656,1.6811535358428955,5.331033662514528e-06,156.59774780273438,4.1497039794921875,9.755568498803768e-06,260.8220520019531,712.6373901367188,3.878074130625464e-05,261.8414306640625,715.1298828125,1.9543509552022442e-05,265.1268005371094,714.3020629882812,6.484880486823386e-06,155.77659606933594,1.8018436431884766,5.281371159071568e-06
1214,4.4309258460998535,3.042388439178467,3.523009581840597e-06,270.6754455566406,716.6238403320312,3.866630322590936e-06,136.89051818847656,0.9982621669769287,9.19561989576323e-06,156.5272216796875,4.114810466766357,1.5785615687491372e-05,260.3236389160156,712.7586669921875,0.0004955241456627846,261.8414306640625,715.1298828125,0.0003784614382311702,265.2088317871094,714.775390625,2.135832983185537e-05,155.77659606933594,1.8018436431884766,4.643462943931809e-06
1215,4.298096656799316,3.222443103790283,6.594531896553235e-06,270.6754455566406,716.8211059570312,4.4469229578680824e-06,0.6443448066711426,0.9273746013641357,5.319139290804742e-06,156.47100830078125,4.308969974517822,2.805981603160035e-05,260.3236389160156,713.2184448242188,0.0016191786853596568,261.8414306640625,715.1298828125,0.0002906220906879753,265.2088317871094,714.3020629882812,1.283812162000686e-05,2.797992467880249,-0.45466184616088867,4.165583959547803e-06
1216,4.598670959472656,3.222443103790283,4.360213097243104e-06,272.2927551269531,716.8211059570312,4.276972504158039e-06,136.89051818847656,0.8772845268249512,4.4646558308159e-06,156.47100830078125,4.513123989105225,8.785619684203994e-06,260.3236389160156,712.7586669921875,0.0007515977486036718,263.661376953125,716.0573120117188,3.274507980677299e-05,266.8193359375,715.2369995117188,7.864975486882031e-06,155.7321014404297,1.685347557067871,4.3102090785396285e-06
1217,286.6676025390625,714.3133544921875,4.564215487334877e-06,272.3193664550781,716.6238403320312,2.116789119099849e-06,137.86354064941406,0.9273746013641357,5.921347110415809e-06,156.47100830078125,4.308969974517822,9.393748769070953e-06,261.3710632324219,712.2861938476562,0.00027853294159285724,263.661376953125,715.1298828125,2.391265115875285e-05,267.8897705078125,715.2369995117188,8.028247066249605e-06,155.7321014404297,1.685347557067871,5.4829906730446965e-06
1218,4.598670959472656,3.222443103790283,8.403006177104544e-06,272.3193664550781,715.6568603515625,2.5742633624759037e-06,137.36761474609375,0.8772845268249512,9.692277672002092e-06,156.4684295654297,4.513123989105225,3.125459625152871e-05,261.3710632324219,713.1103515625,0.0001565997808938846,5.120950698852539,2.554684638977051,6.60014629829675e-05,265.2088317871094,715.2369995117188,9.694237633084413e-06,155.70310974121094,1.56801176071167,4.176295988145284e-06
1219,4.57370662689209,3.222443103790283,3.433070105529623e-06,272.3193664550781,715.6568603515625,1.7882248357636854e-06,137.86354064941406,0.8772845268249512,4.350494236859959e-06,156.47100830078125,4.543503761291504,8.195876944228075e-06,265.7734375,711.1846923828125,4.601483669830486e-05,5.120950698852539,2.554684638977051,1.4385246686288156e-05,268.2887268066406,714.175537109375,5.879807758901734e-06,155.7321014404297,1.685347557067871,3.589131438275217e-06
1220,285.8254089355469,708.9072875976562,3.7547288229689e-06,287.02203369140625,715.44384765625,1.0966393801936647e-06,137.86354064941406,0.19164824485778809,7.367181297013303e-06,156.42486572265625,4.513123989105225,2.6704032279667445e-05,265.7734375,711.1846923828125,8.107897156151012e-05,272.54974365234375,715.6488647460938,1.7777125322027132e-05,268.2887268066406,714.2680053710938,6.771458629373228e-06,268.92840576171875,708.16162109375,5.728526502934983e-06
1221,268.5567932128906,708.9072875976562,4.761691343446728e-06,272.3074035644531,715.44384765625,4.676348453358514e-06,265.2087097167969,710.2665405273438,7.641623597010039e-06,156.68295288085938,4.543503761291504,5.4721142078051344e-05,261.2268371582031,712.285400390625,0.0014417382190003991,262.9798583984375,715.6488647460938,0.00014062109403312206,267.8894348144531,714.2680053710938,1.7437831047573127e-05,268.92840576171875,713.4613037109375,7.34396189727704e-06
1222,4.588712692260742,3.023026466369629,6.460880285885651e-06,269.14996337890625,709.9968872070312,4.303542937122984e-06,137.48910522460938,0.19164824485778809,4.5755773498967756e-06,156.42486572265625,4.543503761291504,9.319900527771097e-06,260.8354187011719,712.5548706054688,0.0011533480137586594,262.9798583984375,715.6488647460938,0.00011593260569497943,155.60267639160156,714.2680053710938,6.0006095736753196e-06,267.5574951171875,708.16162109375,4.005976734333672e-06
1223,4.588712692260742,3.3727645874023438,5.364739990909584e-06,269.14996337890625,709.9968872070312,6.381293133017607e-06,137.48910522460938,0.9722738265991211,4.552182872430421e-06,156.68295288085938,4.539342880249023,1.0741271580627654e-05,260.8354187011719,712.285400390625,0.0010097144404426217,262.9798583984375,715.6488647460938,0.00011134198575746268,170.58547973632812,714.2680053710938,1.6114219761220738e-05,267.5574951171875,708.16162109375,5.288094143907074e-06
1224,268.5567932128906,708.9072875976562,2.728207846303121e-06,270.8970642089844,709.9968872070312,9.14276938601688e-07,137.48910522460938,0.9722738265991211,4.766893653140869e-06,156.63668823242188,4.5032477378845215,1.3220830624049995e-05,260.8354187011719,712.5548706054688,6.836684042355046e-05,262.9798583984375,716.12451171875,1.939534195116721e-05,170.58547973632812,714.50048828125,6.698903689539293e-06,267.5574951171875,708.16162109375,2.7609169137576828e-06
1225,4.588712692260742,3.3727645874023438,2.9940240438008914e-06,270.715087890625,716.0409545898438,9.198498105433828e-07,137.48910522460938,0.9722738265991211,3.956059572374215e-06,156.63668823242188,4.5032477378845215,8.35396258480614e-06,260.2164611816406,712.285400390625,2.0004823454655707e-05,262.9798583984375,715.3546752929688,1.117982992582256e-05,170.23806762695312,714.50048828125,5.1295050980115775e-06,155.53651428222656,1.7150750160217285,3.344686547279707e-06
1226,4.502628803253174,3.3727645874023438,7.738013664493337e-06,1.759641408920288,-2.421076774597168,1.0043819202110171e-05,137.41175842285156,0.5776994228363037,6.700213816657197e-06,156.52610778808594,4.193056106567383,1.647927456360776e-05,260.2164611816406,712.6729736328125,0.0019388959044590592,5.34732723236084,2.4892053604125977,0.00013382965698838234,170.23806762695312,3.8346893787384033,1.732111741148401e-05,155.53651428222656,1.684584617614746,1.121864261222072e-05
1227,4.379960060119629,3.3727645874023438,2.8437589207896963e-06,270.2223815917969,716.5888671875,1.9308376977278385e-06,137.3546142578125,0.5776994228363037,3.795638122028322e-06,156.52610778808594,4.055471420288086,1.818798773456365e-05,260.2164611816406,711.986083984375,0.0008065077709034085,266.3510437011719,715.3546752929688,6.358177051879466e-05,170.23806762695312,3.8346893787384033,6.135303920018487e-06,3.1040921211242676,-0.8670001029968262,3.369807018316351e-06
1228,4.502628803253174,3.3504481315612793,4.17628370996681e-06,270.2223815917969,716.5888671875,1.1859953019666136e-06,137.41175842285156,0.3179025650024414,9.690365004644264e-06,156.47509765625,4.055471420288086,2.745309757301584e-05,261.5739440917969,711.986083984375,9.478202991886064e-05,266.3510437011719,715.3546752929688,1.702991357888095e-05,155.41629028320312,4.227777004241943,6.292890702752629e-06,155.5936737060547,1.684584617614746,4.906260073767044e-06
1229,4.502628803253174,3.1394851207733154,3.68036830877827e-06,270.2223815917969,716.4826049804688,1.5288894701370737e-06,137.41175842285156,0.11711335182189941,3.437843361098203e-06,156.47509765625,4.038031101226807,6.295129423961043e-06,260.2164611816406,711.986083984375,0.00021897010446991771,265.0022277832031,715.3546752929688,2.563768248364795e-05,155.41629028320312,4.227777004241943,7.168040610849857e-06,2.909615993499756,-0.8555831909179688,2.9950065254524816e-06
1230,4.793456077575684,3.1394851207733154,4.638704922399484e-06,270.2223815917969,716.3436279296875,1.588473423907999e-06,137.45838928222656,0.3179025650024414,7.267040018632542e-06,156.47509765625,4.038031101226807,1.8691382138058543e-05,259.5628662109375,712.2743530273438,6.941677565919235e-05,262.97906494140625,715.99072265625,2.000194217544049e-05,155.41629028320312,4.228924751281738,7.679173904762138e-06,155.5936737060547,1.684584617614746,4.500393060880015e-06
1231,4.793456077575684,2.7589077949523926,2.842424919435871e-06,271.0511474609375,716.3436279296875,1.263457306777127e-06,137.74412536621094,0.11711335182189941,3.844729690172244e-06,156.47509765625,4.014232158660889,7.606839517393382e-06,259.5628662109375,712.116943359375,0.00036027253372594714,262.97906494140625,716.2489624023438,3.7452486139955e-05,262.5930480957031,714.624755859375,6.340667823678814e-06,2.909615993499756,-0.35440778732299805,2.975110419356497e-06
1232,4.793456077575684,3.1394851207733154,1.4263219782151282e-05,271.1455993652344,715.8843994140625,1.9131599401589483e-05,137.74412536621094,0.11711335182189941,1.297397739108419e-05,156.42279052734375,3.863748788833618,1.3841436157235876e-05,259.4691467285156,712.2743530273438,0.014504457823932171,262.97906494140625,716.2489624023438,0.0005971068167127669,264.0411071777344,715.3685302734375,4.397501106723212e-05,3.027562379837036,-0.35440778732299805,1.4844057659502141e-05
1233,4.793456077575684,3.238426923751831,5.471926669997629e-06,271.5981750488281,715.8843994140625,2.3110260372050107e-06,137.7970428466797,0.11959958076477051,6.565378498635255e-06,156.5533447265625,3.863748788833618,4.901428837911226e-06,258.8829345703125,712.2743530273438,0.00022489274851977825,262.97906494140625,716.3428344726562,3.980336259701289e-05,264.9920959472656,715.543701171875,7.891610039223451e-06,3.027562379837036,-0.35440778732299805,4.978353445039829e-06
1234,4.650740146636963,3.438899517059326,5.414716270024655e-06,271.5981750488281,715.79443359375,3.612472028180491e-06,152.5326385498047,0.28940558433532715,6.781468982808292e-06,156.5190887451172,3.919005870819092,1.3339257748157252e-05,258.8829345703125,712.2743530273438,0.0014958461979404092,262.97906494140625,716.906494140625,0.00010580543312244117,264.9920959472656,715.543701171875,7.908079169283155e-06,155.72154235839844,1.7425384521484375,5.368398888094816e-06
1235,4.512477397918701,3.3883793354034424,3.1122676773520652e-06,271.1455993652344,715.79443359375,3.5224686598667176e-06,137.7970428466797,0.11959958076477051,5.277559466776438e-06,156.42279052734375,3.919005870819092,2.062847670458723e-05,258.8829345703125,712.116943359375,0.0012938614236190915,264.2978515625,716.906494140625,5.6695364037295803e-05,264.9920959472656,715.543701171875,7.399309197353432e-06,155.72154235839844,1.7425384521484375,3.7240849906083895e-06
1236,4.512477397918701,3.3883793354034424,4.801289833267219e-06,269.90325927734375,715.79443359375,1.603173132025404e-06,137.48268127441406,0.28940558433532715,7.192789325927151e-06,156.4547882080078,3.919005870819092,3.9461025153286755e-05,259.85894775390625,712.3869018554688,9.543274791212752e-05,265.5765686035156,716.906494140625,2.6355279260315e-05,264.9920959472656,715.0082397460938,1.0033356375060976e-05,155.72154235839844,1.7425384521484375,6.686407687084284e-06
1237,4.6654558181762695,3.438899517059326,2.8210151867824607e-06,269.90325927734375,716.266357421875,2.888268909373437e-06,152.5326385498047,0.28940558433532715,7.053769422782352e-06,156.5190887451172,4.189266681671143,3.3546017220942304e-05,260.5782165527344,712.4210205078125,0.00041415850864723325,265.8598327636719,716.6778564453125,3.851508517982438e-05,264.9920959472656,715.0082397460938,6.429649602068821e-06,155.734130859375,2.2653567790985107,5.487389898917172e-06
1238,3.8762919902801514,3.438899517059326,2.6168600015807897e-06,269.81658935546875,716.5725708007812,8.723777114028053e-07,137.48268127441406,1.041562557220459,2.9289942631294252e-06,156.4547882080078,4.176427841186523,6.738482625223696e-06,260.5782165527344,712.615234375,0.00014531560009345412,265.8598327636719,716.6778564453125,1.7278254745178856e-05,155.505615234375,713.93896484375,4.622617325367173e-06,155.734130859375,708.5243530273438,3.065092414544779e-06
1239,4.6654558181762695,3.3883793354034424,1.0466320418345276e-05,269.81658935546875,716.6181640625,9.089866580325179e-06,137.41558837890625,1.041562557220459,7.937349437270314e-06,156.36587524414062,4.189266681671143,3.350889528519474e-05,260.85455322265625,712.6337280273438,0.0030969898216426373,265.8598327636719,716.3358764648438,0.0006419133278541267,169.49652099609375,713.93896484375,2.972981565108057e-05,155.6812286376953,708.5243530273438,1.4693958291900344e-05
1240,4.89448356628418,3.1207408905029297,3.54873486685392e-06,269.23284912109375,716.9666137695312,2.82215887636994e-06,137.41558837890625,1.092792272567749,5.52705341760884e-06,156.3933563232422,4.195077896118164,1.4851689229544718e-05,260.5782165527344,713.3095703125,4.105972038814798e-05,268.2707214355469,716.3358764648438,0.00010070113057736307,169.49652099609375,713.93896484375,0.00018634939624462277,155.57408142089844,1.9144673347473145,3.822652070084587e-05
1241,4.943437576293945,3.5279736518859863,3.560833874871605e-06,269.23284912109375,716.8489379882812,1.8518568367653643e-06,248.5028533935547,711.021240234375,5.799862265121192e-06,156.3933563232422,4.244091987609863,3.0577251891372725e-05,260.5782165527344,712.6337280273438,0.0010017247404903173,265.8598327636719,716.3358764648438,0.00015348363376688212,265.76458740234375,714.5110473632812,7.496375019400148e-06,155.6812286376953,709.6685180664062,4.298284693504684e-06
1242,4.89448356628418,3.1207408905029297,2.936184728241642e-06,267.2124328613281,716.8489379882812,9.742615247887443e-07,137.41558837890625,1.092792272567749,6.186785412864992e-06,156.30255126953125,4.244091987609863,1.2409448572725523e-05,260.5326232910156,712.6337280273438,0.00019032166164834052,264.3364562988281,715.9232788085938,0.00020465848501771688,169.49652099609375,713.93896484375,1.108277228922816e-05,155.57408142089844,1.9144673347473145,3.4610548027558252e-06
1243,4.89448356628418,2.56563138961792,4.906643425783841e-06,267.2124328613281,716.6181640625,5.7252718761446886e-06,137.41558837890625,0.06757736206054688,5.837201115355128e-06,156.30255126953125,4.244091987609863,2.1109884983161464e-05,260.5326232910156,710.8809814453125,0.0005052954074926674,264.3364562988281,715.9232788085938,9.291491733165458e-05,169.49652099609375,2.1691057682037354,2.7688049158314243e-05,155.57408142089844,1.5565402507781982,1.1617099517025054e-05
