scorer,DLC_resnet152_t-rest-colorJul19shuffle1_750000,DLC_resnet152_t-rest-colorJul19shuffle1_750000,DLC_resnet152_t-rest-colorJul19shuffle1_750000,DLC_resnet152_t-rest-colorJul19shuffle1_750000,DLC_resnet152_t-rest-colorJul19shuffle1_750000,DLC_resnet152_t-rest-colorJul19shuffle1_750000,DLC_resnet152_t-rest-colorJul19shuffle1_750000,DLC_resnet152_t-rest-colorJul19shuffle1_750000,DLC_resnet152_t-rest-colorJul19shuffle1_750000,DLC_resnet152_t-rest-colorJul19shuffle1_750000,DLC_resnet152_t-rest-colorJul19shuffle1_750000,DLC_resnet152_t-rest-colorJul19shuffle1_750000,DLC_resnet152_t-rest-colorJul19shuffle1_750000,DLC_resnet152_t-rest-colorJul19shuffle1_750000,DLC_resnet152_t-rest-colorJul19shuffle1_750000,DLC_resnet152_t-rest-colorJul19shuffle1_750000,DLC_resnet152_t-rest-colorJul19shuffle1_750000,DLC_resnet152_t-rest-colorJul19shuffle1_750000,DLC_resnet152_t-rest-colorJul19shuffle1_750000,DLC_resnet152_t-rest-colorJul19shuffle1_750000,DLC_resnet152_t-rest-colorJul19shuffle1_750000,DLC_resnet152_t-rest-colorJul19shuffle1_750000,DLC_resnet152_t-rest-colorJul19shuffle1_750000,DLC_resnet152_t-rest-colorJul19shuffle1_750000
bodyparts,base2,base2,base2,base3,base3,base3,base4,base4,base4,base5,base5,base5,tip2,tip2,tip2,tip3,tip3,tip3,tip4,tip4,tip4,tip5,tip5,tip5
coords,x,y,likelihood,x,y,likelihood,x,y,likelihood,x,y,likelihood,x,y,likelihood,x,y,likelihood,x,y,likelihood,x,y,likelihood
0,424.429443359375,325.7731628417969,0.999976396560669,440.0506896972656,321.71514892578125,0.9999735355377197,462.765869140625,324.0782470703125,0.9999309778213501,487.3592529296875,338.7506408691406,0.9997879862785339,430.4341735839844,231.61831665039062,0.9999721050262451,454.48394775390625,204.9319305419922,0.9999815225601196,482.8287353515625,211.47572326660156,0.9999901056289673,501.7236633300781,261.6748962402344,0.9999926090240479
1,424.429443359375,326.6742248535156,0.999869704246521,442.2801818847656,323.12994384765625,0.9999812841415405,462.765869140625,328.1766357421875,0.999870777130127,487.5539855957031,344.0895690917969,0.9997938275337219,430.4519348144531,233.2097625732422,0.9999649524688721,454.70294189453125,206.43423461914062,0.9999834299087524,482.8287353515625,212.31591796875,0.9999921321868896,504.3806457519531,262.5448913574219,0.9999663829803467
2,425.12451171875,327.6866149902344,0.9999687671661377,443.2879943847656,324.0151672363281,0.999982476234436,462.835205078125,328.4619445800781,0.9999555349349976,488.03564453125,344.0895690917969,0.9999682903289795,430.6904296875,233.62344360351562,0.9999572038650513,455.1260986328125,206.85440063476562,0.9999700784683228,483.19329833984375,212.33297729492188,0.9999908208847046,504.6032409667969,262.96197509765625,0.9999454021453857
3,425.12451171875,330.2052307128906,0.9999045133590698,443.4404296875,326.50115966796875,0.9999634027481079,464.6535339355469,328.907958984375,0.9999340772628784,488.40203857421875,343.8647155761719,0.999840497970581,430.4519348144531,234.2259979248047,0.9999889135360718,454.70294189453125,208.91659545898438,0.9999814033508301,483.04595947265625,212.5455780029297,0.9999908208847046,504.6032409667969,263.5542907714844,0.9999721050262451
4,425.0352478027344,332.7639465332031,0.9998623132705688,443.2879943847656,326.50115966796875,0.9999852180480957,462.835205078125,329.5949401855469,0.9999566078186035,488.03564453125,343.8647155761719,0.999872088432312,430.81109619140625,235.2704315185547,0.9999823570251465,454.70294189453125,209.00540161132812,0.9999603033065796,483.04595947265625,214.6051025390625,0.9999802112579346,504.69366455078125,263.6988830566406,0.9999498128890991
5,424.9723815917969,333.0655212402344,0.999901294708252,442.8530578613281,327.34039306640625,0.9999805688858032,462.835205078125,330.247314453125,0.9998754262924194,488.03564453125,347.73980712890625,0.9998772144317627,430.81109619140625,235.33981323242188,0.9999574422836304,454.52374267578125,209.44158935546875,0.9999737739562988,483.124267578125,214.6103515625,0.9999818801879883,504.69366455078125,264.4085388183594,0.9999580383300781
6,425.0352478027344,332.7639465332031,0.9999188184738159,443.2879943847656,326.50115966796875,0.9999821186065674,464.3903503417969,329.5949401855469,0.9999525547027588,488.6840515136719,343.8647155761719,0.9998929500579834,430.7153625488281,236.18359375,0.9999839067459106,454.5106506347656,209.44158935546875,0.9999773502349854,483.17437744140625,214.6103515625,0.9999823570251465,505.18389892578125,265.14947509765625,0.9999349117279053
7,425.0352478027344,333.0655212402344,0.9999089241027832,443.5286560058594,327.34039306640625,0.9999532699584961,464.3903503417969,330.247314453125,0.999841570854187,488.8743591308594,346.50506591796875,0.9999178647994995,430.7153625488281,236.18359375,0.9999819993972778,454.5106506347656,210.02487182617188,0.9999843835830688,483.17437744140625,214.6103515625,0.9999874830245972,505.77667236328125,265.79541015625,0.9999730587005615
8,425.42034912109375,333.9394836425781,0.9998531341552734,443.5286560058594,328.6645812988281,0.999980092048645,464.3903503417969,330.7978820800781,0.9999064207077026,488.8743591308594,346.50506591796875,0.9999346733093262,430.81109619140625,236.30885314941406,0.9999806880950928,454.52374267578125,210.3383331298828,0.9999823570251465,483.6812438964844,215.0045928955078,0.9999901056289673,505.7794189453125,265.79541015625,0.9999233484268188
9,425.42034912109375,334.26519775390625,0.9998447895050049,443.5286560058594,329.3010559082031,0.999967098236084,464.3903503417969,332.112060546875,0.9999333620071411,488.8743591308594,346.50506591796875,0.999884843826294,431.6966247558594,236.30885314941406,0.9999912977218628,454.6815490722656,210.8299102783203,0.9999796152114868,483.7483825683594,215.6952667236328,0.9999809265136719,505.77667236328125,266.3356628417969,0.99992835521698
10,425.42034912109375,334.26519775390625,0.9998898506164551,443.5286560058594,328.6645812988281,0.9999661445617676,464.2571716308594,330.7978820800781,0.9999138116836548,488.6840515136719,345.3948059082031,0.9998921155929565,431.9012756347656,236.71055603027344,0.9999901056289673,454.7252502441406,210.8299102783203,0.9999878406524658,483.6812438964844,216.08082580566406,0.9999830722808838,505.77667236328125,266.3356628417969,0.9999066591262817
11,425.2072448730469,334.26519775390625,0.9999549388885498,443.9701232910156,329.00048828125,0.9999608993530273,464.1959533691406,331.4654846191406,0.9999088048934937,488.4803161621094,346.50506591796875,0.9999011754989624,431.9012756347656,237.67930603027344,0.9999884366989136,455.3936767578125,211.26907348632812,0.9999803304672241,483.7483825683594,216.53973388671875,0.9999748468399048,505.83184814453125,267.047607421875,0.9999555349349976
12,424.4375,334.26519775390625,0.9999599456787109,442.2152099609375,329.00048828125,0.9999741315841675,464.1665344238281,331.4654846191406,0.9999619722366333,488.1075134277344,347.11492919921875,0.9998925924301147,431.6966247558594,237.81256103515625,0.9999843835830688,455.3936767578125,212.03326416015625,0.9999897480010986,483.768798828125,217.59371948242188,0.9999738931655884,505.3236999511719,268.10614013671875,0.999975323677063
13,424.4375,334.7898254394531,0.999884843826294,442.2152099609375,329.00048828125,0.9999618530273438,464.1665344238281,331.4654846191406,0.9999551773071289,488.1075134277344,347.11492919921875,0.9999319314956665,431.6966247558594,238.23825073242188,0.9999858140945435,455.3936767578125,212.79385375976562,0.9999756813049316,483.768798828125,217.59371948242188,0.9999823570251465,505.21331787109375,268.10614013671875,0.9999532699584961
14,425.2072448730469,334.7898254394531,0.9999585151672363,442.53240966796875,328.8219299316406,0.9999502897262573,463.5950012207031,330.89501953125,0.999966025352478,488.4803161621094,346.2426452636719,0.999920129776001,432.1539611816406,238.23825073242188,0.9999784231185913,455.50103759765625,212.86148071289062,0.9999788999557495,483.768798828125,217.59371948242188,0.999988317489624,505.21331787109375,268.10614013671875,0.9999340772628784
15,425.2072448730469,334.7898254394531,0.9998539686203003,442.53240966796875,329.00048828125,0.9999758005142212,463.5695495605469,331.4654846191406,0.9999477863311768,488.4803161621094,347.11492919921875,0.9999352693557739,432.3871154785156,238.25489807128906,0.9999886751174927,455.50103759765625,212.86148071289062,0.9999841451644897,484.0231018066406,217.59371948242188,0.9999833106994629,505.22735595703125,268.10614013671875,0.9999592304229736
16,425.6234436035156,334.7898254394531,0.9998898506164551,442.53240966796875,328.8219299316406,0.9999499320983887,463.5695495605469,333.4441833496094,0.9999608993530273,488.7214050292969,348.5994873046875,0.9999279975891113,432.3871154785156,239.37327575683594,0.9999884366989136,455.123779296875,212.862060546875,0.9999749660491943,483.768798828125,218.45709228515625,0.9999833106994629,505.21331787109375,268.3598327636719,0.9999654293060303
17,425.6234436035156,333.94384765625,0.9999368190765381,443.13970947265625,328.7989501953125,0.9999663829803467,463.9146423339844,330.89501953125,0.9999569654464722,488.9464416503906,346.2426452636719,0.9999111890792847,432.3871154785156,238.25489807128906,0.9999879598617554,455.123779296875,212.862060546875,0.9999855756759644,484.1230773925781,218.0234832763672,0.9999895095825195,505.21331787109375,268.3598327636719,0.9999692440032959
18,425.4939270019531,333.94384765625,0.9998962879180908,442.53240966796875,328.8219299316406,0.9999662637710571,463.5695495605469,333.4441833496094,0.9999465942382812,488.7214050292969,348.5994873046875,0.9999312162399292,432.3609619140625,239.0879364013672,0.999966025352478,455.123779296875,213.00155639648438,0.9999858140945435,484.1230773925781,218.45709228515625,0.999984622001648,505.1832580566406,270.120361328125,0.9999605417251587
19,425.1031188964844,333.94384765625,0.9998356103897095,441.8982238769531,329.695068359375,0.9999730587005615,463.9146423339844,334.162353515625,0.9998977184295654,488.4283752441406,349.5664978027344,0.9999274015426636,432.1261901855469,239.0879364013672,0.99998939037323,455.123779296875,213.31533813476562,0.9999819993972778,484.1230773925781,219.19593811035156,0.9999721050262451,505.1832580566406,271.3240051269531,0.9999494552612305
20,424.54693603515625,335.97149658203125,0.9999204874038696,441.8982238769531,331.52471923828125,0.9999661445617676,463.9146423339844,335.8941650390625,0.9999386072158813,488.4283752441406,352.823974609375,0.9999037981033325,431.61260986328125,239.0879364013672,0.9999874830245972,455.3887939453125,213.93304443359375,0.9999756813049316,483.6490478515625,219.47500610351562,0.9999876022338867,505.1832580566406,271.3446960449219,0.99993896484375
21,424.33953857421875,335.97149658203125,0.9999788999557495,441.761962890625,331.52471923828125,0.9999406337738037,463.3274230957031,335.8941650390625,0.9999151229858398,488.09356689453125,352.823974609375,0.9999374151229858,431.61260986328125,239.0879364013672,0.999985933303833,455.3887939453125,214.13375854492188,0.9999827146530151,483.6490478515625,220.32843017578125,0.9999890327453613,505.489501953125,271.3446960449219,0.9999499320983887
22,424.33953857421875,335.97149658203125,0.9999344348907471,441.761962890625,331.52471923828125,0.9999514818191528,463.3274230957031,335.8941650390625,0.999929666519165,488.09356689453125,352.823974609375,0.9998986721038818,431.61260986328125,239.3321990966797,0.9999815225601196,455.8744201660156,214.13375854492188,0.9999756813049316,483.4966125488281,220.32843017578125,0.9999828338623047,505.489501953125,271.76226806640625,0.9999707937240601
23,424.33953857421875,335.5700378417969,0.9999436140060425,441.6698303222656,331.3148193359375,0.9999492168426514,463.65869140625,335.3058776855469,0.9999250173568726,488.4283752441406,350.44989013671875,0.9997938275337219,431.61260986328125,239.39051818847656,0.9999867677688599,455.8744201660156,214.85256958007812,0.999984622001648,483.4966125488281,220.41461181640625,0.9999871253967285,505.53643798828125,271.3240051269531,0.9999319314956665
24,424.8960876464844,335.5700378417969,0.9998968839645386,441.6698303222656,329.3946533203125,0.9999655485153198,463.65869140625,333.4185485839844,0.9999451637268066,489.36566162109375,350.313232421875,0.9999011754989624,432.07611083984375,240.33592224121094,0.9999880790710449,455.5302429199219,214.85256958007812,0.9999873638153076,483.4966125488281,220.41461181640625,0.9999860525131226,505.53643798828125,271.5601501464844,0.9999771118164062
25,425.27008056640625,335.5700378417969,0.9999185800552368,442.77459716796875,329.3946533203125,0.9999645948410034,463.7674560546875,333.4185485839844,0.999922513961792,489.4095153808594,349.5577392578125,0.9999024868011475,432.08367919921875,240.62188720703125,0.9999892711639404,455.5302429199219,215.56423950195312,0.999954104423523,484.1723327636719,220.41461181640625,0.9999860525131226,505.6966552734375,271.5601501464844,0.9999445676803589
26,425.27008056640625,336.923095703125,0.9999052286148071,442.77459716796875,331.09515380859375,0.9999614953994751,463.8732604980469,333.4281005859375,0.9999350309371948,489.4095153808594,350.313232421875,0.9999264478683472,432.08905029296875,240.33592224121094,0.9999934434890747,456.25067138671875,215.56423950195312,0.9999696016311646,484.60919189453125,220.95816040039062,0.9999855756759644,505.7647399902344,272.46087646484375,0.9999485015869141
27,425.27008056640625,337.13031005859375,0.9999102354049683,443.06842041015625,331.3148193359375,0.9999599456787109,464.0585021972656,334.105224609375,0.9999264478683472,489.44329833984375,350.313232421875,0.9999386072158813,432.08905029296875,240.62188720703125,0.999991774559021,455.5302429199219,216.84877014160156,0.9999567270278931,484.943359375,221.47283935546875,0.9999825954437256,505.8050842285156,271.95477294921875,0.9999754428863525
28,425.27008056640625,337.99090576171875,0.9999635219573975,443.06842041015625,331.4920959472656,0.9999672174453735,464.0585021972656,334.105224609375,0.9999710321426392,489.44329833984375,350.3387145996094,0.9999468326568604,432.08367919921875,241.0438690185547,0.9999831914901733,456.061767578125,216.84877014160156,0.9999876022338867,484.9798278808594,221.66786193847656,0.9999829530715942,506.126220703125,272.5606384277344,0.9999649524688721
29,425.339599609375,338.32159423828125,0.9998600482940674,442.7548522949219,333.5600891113281,0.9999668598175049,463.8732604980469,336.3706970214844,0.9998689889907837,488.8173522949219,351.086669921875,0.9999148845672607,432.06201171875,241.0438690185547,0.9999902248382568,456.061767578125,216.93511962890625,0.9999803304672241,484.9798278808594,221.7889404296875,0.9999781847000122,506.126220703125,272.7167663574219,0.9999798536300659
30,425.25958251953125,339.3536376953125,0.9999496936798096,442.7547607421875,334.217529296875,0.9999536275863647,463.5536193847656,336.5461120605469,0.9999217987060547,488.8173522949219,353.2640686035156,0.9998795986175537,432.06201171875,242.3514404296875,0.9999922513961792,456.061767578125,217.0015869140625,0.9999696016311646,484.9798278808594,221.7889404296875,0.9999873638153076,506.126220703125,272.9404296875,0.9999761581420898
31,425.339599609375,338.7166748046875,0.9999459981918335,442.7547607421875,333.5600891113281,0.999951958656311,463.5536193847656,336.47607421875,0.9999454021453857,489.2701416015625,352.12884521484375,0.999943733215332,432.06201171875,242.3514404296875,0.9999940395355225,456.061767578125,217.0015869140625,0.9999765157699585,485.1429443359375,223.08087158203125,0.9999691247940063,506.126220703125,273.5086364746094,0.9999743700027466
32,425.339599609375,338.7166748046875,0.9999526739120483,442.7547607421875,333.5600891113281,0.9999562501907349,463.5536193847656,336.47607421875,0.9999207258224487,489.2701416015625,352.12884521484375,0.9999253749847412,432.41168212890625,242.0871124267578,0.9999960660934448,457.18634033203125,217.0015869140625,0.9999474287033081,484.7364196777344,223.08087158203125,0.9999735355377197,507.0734558105469,273.5086364746094,0.999984622001648
33,425.339599609375,340.38714599609375,0.9999452829360962,442.0796813964844,334.217529296875,0.9999734163284302,464.457275390625,336.47607421875,0.9999525547027588,489.2701416015625,353.2640686035156,0.9999397993087769,433.8691711425781,242.98707580566406,0.9999942779541016,457.2891540527344,218.0793914794922,0.9999731779098511,484.7364196777344,223.2044677734375,0.9999711513519287,505.9621276855469,273.8790283203125,0.9999856948852539
34,424.47821044921875,340.38714599609375,0.9999072551727295,443.4458923339844,335.52630615234375,0.9999728202819824,464.457275390625,338.962890625,0.9999409914016724,489.2701416015625,354.05194091796875,0.9999418258666992,433.8691711425781,242.98707580566406,0.9999974966049194,457.5111999511719,218.4401092529297,0.9999630451202393,484.7364196777344,223.2044677734375,0.9999728202819824,507.07489013671875,274.7974853515625,0.9999841451644897
35,424.47821044921875,340.8073425292969,0.9999897480010986,443.4458923339844,336.0058898925781,0.9999672174453735,464.4687194824219,340.1331787109375,0.9999616146087646,489.1611633300781,354.05194091796875,0.9999784231185913,433.8691711425781,242.98646545410156,0.9999977350234985,457.5477600097656,218.45750427246094,0.9999608993530273,485.0443420410156,223.55068969726562,0.9999825954437256,506.1117858886719,275.0171813964844,0.999977707862854
36,424.47821044921875,342.2853698730469,0.9999451637268066,443.118408203125,337.6609191894531,0.999966025352478,464.4687194824219,340.3579406738281,0.9999442100524902,488.98394775390625,356.848388671875,0.9999287128448486,434.14532470703125,243.36325073242188,0.9999964237213135,457.5477600097656,218.64244079589844,0.9999575614929199,484.18609619140625,224.26852416992188,0.9999865293502808,506.807373046875,275.2148132324219,0.9999862909317017
37,424.47821044921875,342.6383972167969,0.999963641166687,442.10870361328125,337.6609191894531,0.9999467134475708,464.494140625,340.3579406738281,0.999950647354126,488.98394775390625,356.848388671875,0.9998992681503296,434.14532470703125,243.82847595214844,0.9999977350234985,458.2937927246094,218.7671661376953,0.999958872795105,485.0252380371094,224.79811096191406,0.9999700784683228,506.807373046875,275.6955871582031,0.999980092048645
38,424.85699462890625,342.8677673339844,0.9999328851699829,442.10870361328125,337.8260498046875,0.9999895095825195,464.4687194824219,340.3579406738281,0.9999340772628784,488.98394775390625,358.2354431152344,0.9999450445175171,433.89544677734375,244.3909149169922,0.9999984502792358,457.5850830078125,220.2890167236328,0.9999816417694092,484.9910583496094,224.28211975097656,0.9999788999557495,507.2199401855469,276.0416259765625,0.9999878406524658
39,425.1190185546875,342.8677673339844,0.9999220371246338,442.10870361328125,336.3734130859375,0.9999372959136963,464.5169677734375,340.1331787109375,0.999893307685852,488.98394775390625,358.2354431152344,0.999934196472168,434.4792785644531,244.3909149169922,0.9999978542327881,457.5850830078125,220.33033752441406,0.9999655485153198,485.0252380371094,224.62950134277344,0.999987006187439,507.2199401855469,276.0416259765625,0.9999825954437256
40,425.1190185546875,342.6383972167969,0.9999630451202393,442.10870361328125,336.3734130859375,0.9999750852584839,464.5169677734375,339.54925537109375,0.9999520778656006,488.93426513671875,354.3804626464844,0.9999520778656006,434.4792785644531,244.81993103027344,0.9999947547912598,456.27252197265625,220.7907257080078,0.9999480247497559,485.0252380371094,224.8360595703125,0.9999840259552002,507.66705322265625,276.0416259765625,0.9999732971191406
41,424.85699462890625,342.6383972167969,0.999957799911499,441.1162109375,336.3734130859375,0.9999728202819824,464.5635070800781,339.54925537109375,0.9999719858169556,488.93426513671875,354.3804626464844,0.9999511241912842,434.0364990234375,245.17010498046875,0.9999988079071045,455.2015380859375,223.87481689453125,0.9999741315841675,485.9312744140625,225.47105407714844,0.9999724626541138,507.834228515625,276.89276123046875,0.9999878406524658
42,423.9010314941406,342.9548645019531,0.9999845027923584,440.3631286621094,337.0903625488281,0.999924898147583,464.50830078125,339.9345703125,0.9998884201049805,488.754638671875,355.6611633300781,0.9999223947525024,434.0364990234375,245.30906677246094,0.9999977350234985,455.0499572753906,224.3030242919922,0.9999716281890869,486.41461181640625,226.47084045410156,0.999974250793457,508.3680419921875,277.5508728027344,0.9999828338623047
43,423.8328857421875,343.9497375488281,0.9999617338180542,440.1240234375,337.0903625488281,0.999941349029541,464.9078674316406,339.9345703125,0.9999209642410278,488.754638671875,355.6611633300781,0.9999631643295288,434.1988525390625,245.30906677246094,0.9999978542327881,455.0499572753906,224.3030242919922,0.9999691247940063,486.5260925292969,226.51846313476562,0.9999759197235107,508.5930480957031,277.7427673339844,0.9999791383743286
44,423.8328857421875,343.9497375488281,0.999967098236084,440.1240234375,337.0903625488281,0.9999572038650513,464.50830078125,339.9345703125,0.9999159574508667,488.8642272949219,355.857421875,0.9999443292617798,434.0364990234375,246.39517211914062,0.9999971389770508,455.2015380859375,224.45071411132812,0.9999663829803467,486.6151428222656,226.97096252441406,0.9999755620956421,508.6361999511719,277.83709716796875,0.9999786615371704
45,423.38873291015625,343.9497375488281,0.9999676942825317,440.1240234375,337.115478515625,0.9999626874923706,464.9078674316406,340.6324768066406,0.9999431371688843,488.8642272949219,356.3409729003906,0.999968409538269,434.1497497558594,246.39517211914062,0.9999970197677612,456.0738830566406,224.45071411132812,0.9999597072601318,486.8124694824219,227.33631896972656,0.999967098236084,508.7237243652344,278.44244384765625,0.9999698400497437
46,423.38873291015625,343.9222106933594,0.9999477863311768,440.39605712890625,337.5372009277344,0.9999688863754272,464.9078674316406,340.86566162109375,0.999921441078186,488.95404052734375,356.5611877441406,0.9999575614929199,434.1497497558594,246.78285217285156,0.9999958276748657,456.2016906738281,224.48782348632812,0.9999524354934692,487.0911560058594,228.12806701660156,0.9999779462814331,508.8072814941406,278.8519592285156,0.9999743700027466
47,423.5322570800781,343.9222106933594,0.9999799728393555,440.40771484375,337.7412109375,0.9999586343765259,464.9078674316406,340.86566162109375,0.9998685121536255,489.0657043457031,356.3409729003906,0.9999533891677856,433.4714050292969,246.7711639404297,0.9999977350234985,456.2016906738281,224.564208984375,0.9999669790267944,487.0911560058594,228.6344757080078,0.9999700784683228,508.9232177734375,278.9910583496094,0.9999614953994751
48,423.5322570800781,343.9222106933594,0.9999804496765137,440.40771484375,337.7486267089844,0.9999756813049316,464.4353332519531,341.0396728515625,0.9999430179595947,489.0657043457031,357.9064636230469,0.9999500513076782,433.4714050292969,246.78285217285156,0.9999910593032837,456.0738830566406,224.7560272216797,0.9999576807022095,486.9573059082031,228.12806701660156,0.9999746084213257,509.0835876464844,279.3118591308594,0.9999648332595825
49,423.5322570800781,343.9300231933594,0.9999425411224365,440.58349609375,337.97894287109375,0.9999765157699585,465.07611083984375,341.0396728515625,0.9999370574951172,489.14532470703125,357.9900207519531,0.9999668598175049,433.4714050292969,247.30267333984375,0.9999957084655762,455.90435791015625,224.88941955566406,0.9999741315841675,487.0201110839844,228.12806701660156,0.9999703168869019,509.13360595703125,279.3366394042969,0.99994957447052
50,423.5322570800781,345.83984375,0.9999701976776123,440.58349609375,338.2166442871094,0.9999721050262451,464.4353332519531,341.3391418457031,0.999908447265625,488.95404052734375,358.4056091308594,0.9998985528945923,433.4714050292969,247.30267333984375,0.9999927282333374,455.6372375488281,225.29208374023438,0.9999738931655884,487.0201110839844,228.9535369873047,0.9999825954437256,509.2035217285156,279.3446960449219,0.9999635219573975
51,423.3174133300781,346.0335693359375,0.9999574422836304,440.3009338378906,338.919921875,0.9999769926071167,464.4353332519531,341.9499206542969,0.9999104738235474,489.0257568359375,358.4056091308594,0.9999130964279175,433.5739440917969,247.0164794921875,0.9999881982803345,455.444091796875,224.88941955566406,0.9999709129333496,487.0201110839844,228.74447631835938,0.9999809265136719,509.2035217285156,279.7562255859375,0.9999600648880005
52,423.3174133300781,346.0964050292969,0.999975323677063,440.3009338378906,338.919921875,0.999980092048645,464.2350769042969,341.9499206542969,0.9998903274536133,487.9473571777344,358.4056091308594,0.9998939037322998,433.633544921875,247.0164794921875,0.9999958276748657,455.4208679199219,225.29208374023438,0.9999798536300659,487.0201110839844,228.74447631835938,0.9999699592590332,509.2035217285156,280.4647521972656,0.9999345541000366
53,423.3174133300781,346.0964050292969,0.9999570846557617,440.3009338378906,338.919921875,0.9999734163284302,464.2869873046875,342.1420593261719,0.9998903274536133,488.8291931152344,358.4056091308594,0.9999328851699829,433.633544921875,247.0164794921875,0.9999938011169434,455.444091796875,225.74313354492188,0.9999815225601196,487.0594177246094,229.7036590576172,0.9999784231185913,509.2772521972656,280.8292236328125,0.9999151229858398
54,423.2768249511719,346.0964050292969,0.9999512434005737,440.00775146484375,338.919921875,0.9999732971191406,464.2350769042969,342.1420593261719,0.9999430179595947,488.61187744140625,358.3198547363281,0.9999566078186035,433.633544921875,247.0164794921875,0.9999974966049194,455.388671875,226.12437438964844,0.9999830722808838,487.1180725097656,230.0238037109375,0.9999794960021973,509.2772521972656,280.87542724609375,0.9999324083328247
55,423.3174133300781,345.5451354980469,0.9999655485153198,440.00775146484375,338.919921875,0.9999749660491943,464.2350769042969,342.1420593261719,0.9998681545257568,488.61187744140625,358.3198547363281,0.9999430179595947,433.633544921875,247.69158935546875,0.999995231628418,455.388671875,226.7040252685547,0.9999784231185913,487.1180725097656,230.08482360839844,0.9999778270721436,509.1470947265625,281.42919921875,0.9999032020568848
56,423.24713134765625,345.5451354980469,0.9999525547027588,439.8360900878906,338.9694519042969,0.999968409538269,464.23052978515625,342.4698791503906,0.9998928308486938,488.2436828613281,358.33258056640625,0.9999449253082275,433.4081726074219,247.69158935546875,0.999990701675415,455.2231750488281,227.00653076171875,0.9999808073043823,487.080078125,230.615478515625,0.9999628067016602,508.8597106933594,281.9254150390625,0.999890923500061
57,423.2127685546875,345.5451354980469,0.999951958656311,439.6754150390625,339.3708190917969,0.9999755620956421,464.23052978515625,343.3257141113281,0.9998843669891357,488.2436828613281,358.92083740234375,0.9999160766601562,433.3595275878906,247.8870086669922,0.999991774559021,455.5218200683594,227.5302276611328,0.9999834299087524,487.3427734375,230.71304321289062,0.9999599456787109,508.8597106933594,282.646240234375,0.9998816251754761
58,422.71612548828125,347.4754638671875,0.9999674558639526,439.6243591308594,340.4278564453125,0.9999657869338989,464.22369384765625,343.50628662109375,0.9998834133148193,488.1816101074219,360.28399658203125,0.9998819828033447,433.3595275878906,248.8642578125,0.9999901056289673,455.5218200683594,227.6298065185547,0.9999866485595703,487.5034484863281,231.2649383544922,0.9999675750732422,508.8597106933594,282.8611145019531,0.9998894929885864
59,422.37567138671875,348.23626708984375,0.9999793767929077,439.39324951171875,340.7676696777344,0.9999518394470215,464.22369384765625,344.2718200683594,0.9998626708984375,488.08258056640625,360.86224365234375,0.9998972415924072,433.3595275878906,249.4147491455078,0.9999886751174927,455.79412841796875,228.06150817871094,0.9999793767929077,487.3427734375,231.39422607421875,0.9999610185623169,509.26422119140625,283.1911926269531,0.9999048709869385
60,422.37567138671875,348.4992370605469,0.9999855756759644,439.39324951171875,341.55584716796875,0.9999576807022095,464.2149353027344,344.6328125,0.9998291730880737,487.9150695800781,361.2918701171875,0.9998849630355835,433.5142517089844,249.75474548339844,0.9999898672103882,455.79412841796875,228.5269012451172,0.9999759197235107,487.3427734375,231.70838928222656,0.9999490976333618,509.26422119140625,283.6796875,0.9999107122421265
61,422.37567138671875,348.6383972167969,0.9999839067459106,439.39324951171875,341.88818359375,0.9999653100967407,464.22369384765625,344.6933288574219,0.9999020099639893,487.9150695800781,361.7850036621094,0.9999377727508545,433.5142517089844,251.93441772460938,0.9999933242797852,455.9751281738281,228.62991333007812,0.9999793767929077,487.3427734375,232.2042999267578,0.9999445676803589,509.26422119140625,285.165283203125,0.9999147653579712
62,423.2240295410156,348.89593505859375,0.9999706745147705,439.8692626953125,341.9017028808594,0.9999645948410034,464.22369384765625,346.0660705566406,0.9999125003814697,488.0985107421875,362.63232421875,0.9999256134033203,433.83697509765625,252.64039611816406,0.9999946355819702,455.9751281738281,229.87582397460938,0.9999693632125854,487.2517395019531,233.68829345703125,0.9999632835388184,509.26422119140625,285.6613464355469,0.9999173879623413
63,423.2240295410156,349.4420471191406,0.999975323677063,439.9977111816406,342.75567626953125,0.9999438524246216,464.6939392089844,346.7884216308594,0.9998965263366699,488.0985107421875,363.437744140625,0.9999361038208008,433.83697509765625,253.0946044921875,0.9999933242797852,456.0257568359375,229.98184204101562,0.9999817609786987,487.2517395019531,234.74160766601562,0.9999686479568481,509.3311462402344,286.8921203613281,0.9999583959579468
64,423.2240295410156,349.694091796875,0.9999796152114868,440.086669921875,343.46307373046875,0.999929666519165,464.8650817871094,347.09454345703125,0.9999083280563354,488.2364501953125,363.56304931640625,0.9999511241912842,433.83697509765625,254.17825317382812,0.9999943971633911,456.0257568359375,230.72689819335938,0.999976396560669,487.4647216796875,234.9176025390625,0.999968409538269,509.3311462402344,286.95599365234375,0.99996018409729
65,423.2202453613281,350.3651428222656,0.999977707862854,440.38134765625,343.724365234375,0.9999333620071411,464.8650817871094,347.5068054199219,0.9998742341995239,488.2364501953125,364.3158874511719,0.9999110698699951,433.83697509765625,254.49269104003906,0.9999933242797852,456.2431640625,231.589599609375,0.9999659061431885,487.5360107421875,235.8094940185547,0.9999690055847168,509.66302490234375,287.95208740234375,0.9999692440032959
66,423.2202453613281,351.06597900390625,0.9999713897705078,440.29327392578125,345.2681579589844,0.9999408721923828,464.8650817871094,349.9615783691406,0.9998732805252075,488.2364501953125,365.7333679199219,0.9998760223388672,434.24371337890625,254.69764709472656,0.9999947547912598,456.2431640625,231.7309112548828,0.9999662637710571,487.7004089355469,236.447021484375,0.9999639987945557,509.71124267578125,289.03173828125,0.9999792575836182
67,423.2202453613281,352.43255615234375,0.9999805688858032,440.4839782714844,346.8010559082031,0.9999547004699707,464.8650817871094,350.8593444824219,0.9998712539672852,488.2691345214844,366.58245849609375,0.9999412298202515,434.71112060546875,256.7286071777344,0.9999960660934448,456.4507751464844,232.67025756835938,0.9999604225158691,487.765380859375,237.66940307617188,0.999944806098938,509.71124267578125,289.71856689453125,0.9999831914901733
68,423.29718017578125,353.42047119140625,0.9999792575836182,440.7068786621094,346.9733581542969,0.9999485015869141,464.8650817871094,350.8593444824219,0.9998874664306641,488.5591735839844,367.934326171875,0.9998931884765625,434.71112060546875,257.02716064453125,0.9999958276748657,456.365966796875,232.70289611816406,0.9999804496765137,487.78680419921875,238.34640502929688,0.9999574422836304,509.92669677734375,290.3612365722656,0.999981164932251
69,423.4930725097656,353.5758972167969,0.9999804496765137,440.7068786621094,347.19342041015625,0.9999560117721558,465.07550048828125,351.2196960449219,0.9999184608459473,488.89190673828125,367.9510192871094,0.9999053478240967,435.2470703125,257.2701110839844,0.9999973773956299,456.365966796875,234.1480255126953,0.9999701976776123,487.791259765625,238.5433807373047,0.9999377727508545,509.92669677734375,290.74554443359375,0.9999810457229614
70,423.4930725097656,354.984375,0.9999909400939941,440.9720764160156,348.1435241699219,0.9999382495880127,465.5209045410156,351.3470458984375,0.9998433589935303,489.0955810546875,368.07012939453125,0.9998700618743896,435.2660827636719,257.586669921875,0.9999958276748657,456.7347412109375,234.6570281982422,0.999981164932251,487.96160888671875,239.03616333007812,0.9999291896820068,510.0201110839844,291.48907470703125,0.9999810457229614
71,423.41375732421875,355.0321044921875,0.9999868869781494,440.9720764160156,349.0220642089844,0.9999343156814575,465.5209045410156,351.73431396484375,0.9998860359191895,489.8794860839844,368.6923522949219,0.9999192953109741,435.50537109375,258.1941223144531,0.9999985694885254,456.7347412109375,235.50823974609375,0.9999865293502808,488.17144775390625,240.81297302246094,0.9999489784240723,510.00921630859375,292.4217529296875,0.9999799728393555
72,423.4930725097656,355.88909912109375,0.9999905824661255,440.9720764160156,349.2929992675781,0.9999305009841919,465.5209045410156,352.6851806640625,0.9999325275421143,489.9722595214844,368.7632751464844,0.9999567270278931,435.7460021972656,259.4421691894531,0.9999984502792358,457.04974365234375,235.65576171875,0.9999738931655884,488.17144775390625,241.16822814941406,0.9999529123306274,510.0201110839844,292.9701843261719,0.9999796152114868
73,423.6336975097656,355.88909912109375,0.9999934434890747,441.1446533203125,349.620361328125,0.9998979568481445,465.6851501464844,352.6851806640625,0.9999107122421265,489.9738464355469,369.0521240234375,0.9999312162399292,435.7460021972656,259.71258544921875,0.9999982118606567,457.53765869140625,236.5660858154297,0.9999734163284302,487.96160888671875,241.93914794921875,0.9999496936798096,510.0201110839844,293.57586669921875,0.9999717473983765
74,423.7596435546875,356.3829345703125,0.999985933303833,441.1446533203125,350.1804504394531,0.9999374151229858,465.5209045410156,353.01885986328125,0.9999392032623291,489.9738464355469,370.36285400390625,0.9999566078186035,435.65093994140625,260.2177429199219,0.9999982118606567,457.53765869140625,236.58595275878906,0.9999796152114868,487.7720642089844,242.6456298828125,0.999958872795105,510.14776611328125,293.90728759765625,0.999971866607666
75,423.8809509277344,356.77655029296875,0.9999864101409912,441.0425109863281,351.0491027832031,0.9999053478240967,465.2939147949219,354.2706604003906,0.9998842477798462,489.9738464355469,370.6436767578125,0.9999500513076782,435.7460021972656,261.80279541015625,0.9999967813491821,457.53765869140625,237.50067138671875,0.999972939491272,487.7720642089844,244.06478881835938,0.9999691247940063,510.3587951660156,295.14971923828125,0.9999551773071289
76,424.2384033203125,357.3775939941406,0.9999637603759766,441.1446533203125,352.3468017578125,0.9999759197235107,465.6851501464844,355.20660400390625,0.9999456405639648,490.1278991699219,371.54119873046875,0.9999481439590454,435.7460021972656,262.4571838378906,0.9999971389770508,457.53765869140625,237.6945037841797,0.9999825954437256,487.7720642089844,244.18441772460938,0.9999680519104004,510.4197082519531,295.62078857421875,0.9999552965164185
77,424.08892822265625,358.6361389160156,0.9999799728393555,441.1446533203125,352.3885498046875,0.9999622106552124,466.488525390625,356.22015380859375,0.9999533891677856,490.2197265625,371.88360595703125,0.9999655485153198,435.8860778808594,262.5749206542969,0.9999972581863403,457.53765869140625,238.0997314453125,0.9999616146087646,488.31610107421875,245.40182495117188,0.9999492168426514,510.4197082519531,296.1407470703125,0.9999346733093262
78,424.08892822265625,358.9014587402344,0.9999862909317017,441.2266845703125,353.2789611816406,0.9999741315841675,465.52777099609375,356.24859619140625,0.9999715089797974,490.1278991699219,372.0341491699219,0.9999651908874512,436.04217529296875,262.626953125,0.9999972581863403,457.75,238.78338623046875,0.9999585151672363,488.369140625,246.49615478515625,0.999925971031189,510.44427490234375,297.3823547363281,0.9999217987060547
79,424.2179260253906,358.9014587402344,0.9999767541885376,441.3178405761719,353.2789611816406,0.9999741315841675,466.0804138183594,356.3387756347656,0.9999332427978516,490.1278991699219,372.0341491699219,0.9999691247940063,436.114990234375,263.1265563964844,0.9999934434890747,457.80535888671875,238.94737243652344,0.999976396560669,488.583251953125,246.60304260253906,0.999930739402771,510.6585388183594,297.9214782714844,0.9999288320541382
80,424.36529541015625,359.2811279296875,0.9999773502349854,441.339111328125,353.8941955566406,0.9999746084213257,466.0804138183594,357.6562194824219,0.99994957447052,489.92083740234375,373.3951416015625,0.9999591112136841,436.04217529296875,264.12017822265625,0.999996542930603,457.80535888671875,239.94161987304688,0.9999818801879883,488.95843505859375,246.78956604003906,0.9999454021453857,510.99066162109375,298.4159851074219,0.9999567270278931
81,424.2179260253906,359.3426818847656,0.9999760389328003,441.3178405761719,354.5755310058594,0.9999854564666748,465.52777099609375,359.4319763183594,0.9999327659606934,489.8930969238281,375.7610168457031,0.9999061822891235,436.04217529296875,264.12017822265625,0.9999932050704956,457.80535888671875,240.25836181640625,0.9999788999557495,489.0414123535156,246.86891174316406,0.999927282333374,511.0163269042969,298.7482604980469,0.9999563694000244
82,424.2179260253906,362.1971130371094,0.9999591112136841,441.2266845703125,356.20751953125,0.9999850988388062,465.3659973144531,360.23480224609375,0.999852180480957,489.0592346191406,375.8895263671875,0.9998573064804077,435.7772216796875,264.22247314453125,0.9999901056289673,457.9513244628906,241.20968627929688,0.9999783039093018,489.2228698730469,247.05758666992188,0.9999345541000366,511.0475769042969,298.9530334472656,0.9999614953994751
83,424.36529541015625,362.68756103515625,0.9999697208404541,441.339111328125,356.7547912597656,0.9999735355377197,465.3659973144531,360.40643310546875,0.999876856803894,489.0592346191406,376.5520935058594,0.9999005794525146,435.7772216796875,264.22247314453125,0.9999955892562866,458.2939147949219,241.53558349609375,0.9999836683273315,489.0503845214844,248.33090209960938,0.9998823404312134,511.0475769042969,299.3948059082031,0.9999655485153198
84,424.0247497558594,363.8030700683594,0.999972939491272,440.5710144042969,356.7682800292969,0.9999648332595825,465.3659973144531,360.5816955566406,0.9997950196266174,489.0592346191406,376.8038024902344,0.9998952150344849,435.7602844238281,265.0256652832031,0.999993085861206,458.3582458496094,242.14016723632812,0.9999850988388062,489.0503845214844,248.636474609375,0.9998958110809326,511.1556091308594,300.4122009277344,0.9999620914459229
85,423.9632263183594,363.8030700683594,0.999970555305481,440.5710144042969,357.2458190917969,0.999977707862854,465.5636901855469,360.5816955566406,0.9998475313186646,489.13323974609375,376.8038024902344,0.9998841285705566,435.7602844238281,265.4425048828125,0.9999932050704956,458.3582458496094,242.59642028808594,0.9999878406524658,489.0503845214844,249.03616333007812,0.9999008178710938,511.2433776855469,301.4158020019531,0.9999407529830933
86,423.91876220703125,363.9055480957031,0.9999778270721436,440.5710144042969,357.95654296875,0.9999675750732422,465.5636901855469,361.097900390625,0.9998894929885864,490.1961975097656,376.8038024902344,0.9998946189880371,435.7772216796875,265.7151184082031,0.999992847442627,458.3447570800781,242.62789916992188,0.9999878406524658,488.88909912109375,249.03616333007812,0.9999264478683472,511.12152099609375,301.4165954589844,0.9999711513519287
87,423.91876220703125,364.79949951171875,0.9999796152114868,440.8340759277344,358.453857421875,0.9999666213989258,465.5636901855469,361.8645324707031,0.999872088432312,490.1961975097656,376.8038024902344,0.9999079704284668,435.8771057128906,266.4859313964844,0.9999953508377075,458.3447570800781,242.8446044921875,0.9999850988388062,488.8130798339844,249.31788635253906,0.9999258518218994,511.40283203125,301.4258117675781,0.999961256980896
88,423.91876220703125,364.8759460449219,0.9999754428863525,440.8340759277344,358.453857421875,0.999956488609314,465.5636901855469,362.33514404296875,0.999796450138092,489.5884704589844,377.7016296386719,0.9998941421508789,435.7602844238281,266.76885986328125,0.9999935626983643,457.9934997558594,242.8446044921875,0.9999876022338867,488.7395324707031,249.8860321044922,0.9999151229858398,511.40283203125,301.94677734375,0.9999614953994751
89,423.81915283203125,365.13983154296875,0.9999747276306152,440.9743957519531,358.8971252441406,0.9999524354934692,465.47393798828125,362.40936279296875,0.999866247177124,489.5884704589844,378.9171447753906,0.9999285936355591,435.8771057128906,266.91162109375,0.9999953508377075,457.9934997558594,243.21536254882812,0.9999881982803345,488.8130798339844,250.1248779296875,0.9999361038208008,511.3793029785156,302.0977478027344,0.9999589920043945
90,423.81915283203125,365.281982421875,0.9999654293060303,441.00750732421875,359.5096740722656,0.9999711513519287,465.47393798828125,363.1492004394531,0.9998952150344849,488.8250732421875,379.32806396484375,0.9998989105224609,436.0877380371094,266.91162109375,0.9999949932098389,458.1537780761719,243.44552612304688,0.9999874830245972,488.8130798339844,250.226318359375,0.9999454021453857,511.3793029785156,302.31243896484375,0.9999481439590454
91,423.9547424316406,365.13983154296875,0.9999723434448242,441.00750732421875,359.5096740722656,0.999946117401123,465.48681640625,363.1492004394531,0.9999020099639893,488.8250732421875,379.50909423828125,0.9999029636383057,436.41925048828125,266.98077392578125,0.9999959468841553,458.1537780761719,243.53378295898438,0.9999885559082031,488.75494384765625,250.57394409179688,0.999914288520813,511.3793029785156,302.4801025390625,0.9999556541442871
92,424.4173889160156,365.3306884765625,0.9999691247940063,441.0667419433594,359.54034423828125,0.9999377727508545,465.48681640625,363.0813903808594,0.999901533126831,488.7356872558594,380.334228515625,0.9999048709869385,436.4205017089844,266.98077392578125,0.9999961853027344,458.6294860839844,244.27073669433594,0.9999890327453613,488.75494384765625,250.31082153320312,0.9999395608901978,511.3677062988281,302.4801025390625,0.9999508857727051
93,424.4173889160156,366.1794128417969,0.9999732971191406,441.0667419433594,359.54034423828125,0.9999711513519287,465.48681640625,363.0813903808594,0.9998798370361328,488.8250732421875,380.334228515625,0.9999258518218994,436.4205017089844,266.91162109375,0.9999949932098389,458.6294860839844,244.27073669433594,0.9999892711639404,488.947021484375,250.31082153320312,0.9999345541000366,511.3793029785156,302.5765686035156,0.9999485015869141
94,424.4173889160156,366.32635498046875,0.9999644756317139,441.1497497558594,359.54034423828125,0.9999568462371826,466.0062255859375,363.0813903808594,0.999862790107727,489.6489562988281,379.6851501464844,0.9998672008514404,436.63006591796875,266.98077392578125,0.9999943971633911,458.1537780761719,243.44552612304688,0.9999898672103882,488.8259582519531,250.8114013671875,0.9999337196350098,511.4096984863281,302.6590270996094,0.9999527931213379
95,424.4668884277344,366.0068054199219,0.99993896484375,441.3347473144531,359.3135070800781,0.999964714050293,466.0062255859375,362.970458984375,0.9999170303344727,489.8468933105469,379.50909423828125,0.9998911619186401,436.63006591796875,266.98077392578125,0.9999945163726807,458.5716247558594,244.27272033691406,0.9999840259552002,488.8259582519531,250.31082153320312,0.9999175071716309,511.51434326171875,302.5765686035156,0.9999489784240723
96,425.2799377441406,366.32635498046875,0.9999405145645142,441.82623291015625,359.54034423828125,0.9999314546585083,466.1796875,363.0813903808594,0.9999186992645264,490.1129150390625,379.6851501464844,0.9999241828918457,436.63006591796875,267.3193359375,0.999995231628418,458.4184265136719,244.2803192138672,0.9999854564666748,489.0125732421875,250.31082153320312,0.9999368190765381,511.5777587890625,302.6590270996094,0.9999603033065796
97,425.3535461425781,366.59295654296875,0.9999481439590454,441.89599609375,360.0190124511719,0.9999696016311646,466.2008056640625,363.4588623046875,0.9998939037322998,490.3741149902344,379.3319091796875,0.9998598098754883,436.2991943359375,267.56378173828125,0.9999940395355225,458.4184265136719,244.0718994140625,0.9999895095825195,489.09326171875,250.209228515625,0.9999401569366455,511.6051330566406,302.6590270996094,0.9999642372131348
98,425.3535461425781,366.59295654296875,0.9999551773071289,442.2438049316406,360.0190124511719,0.9999616146087646,466.8174133300781,363.4588623046875,0.9999219179153442,490.3741149902344,379.3319091796875,0.9999159574508667,436.0404052734375,268.1104431152344,0.9999958276748657,458.4834289550781,244.2803192138672,0.9999881982803345,488.9401550292969,250.8114013671875,0.9999260902404785,511.6202087402344,302.6590270996094,0.9999591112136841
99,425.3535461425781,366.59295654296875,0.9999181032180786,442.2438049316406,360.0190124511719,0.9999663829803467,466.2008056640625,363.4588623046875,0.9999297857284546,490.1129150390625,379.3319091796875,0.9999111890792847,436.0404052734375,268.59173583984375,0.9999943971633911,458.4834289550781,244.8230743408203,0.9999865293502808,488.9401550292969,251.05567932128906,0.999907374382019,511.6202087402344,302.6914367675781,0.9999661445617676
100,425.3535461425781,366.9278259277344,0.9999173879623413,442.2491455078125,360.4723205566406,0.9999762773513794,466.2008056640625,363.89111328125,0.9999208450317383,490.1129150390625,380.23321533203125,0.9998722076416016,436.0404052734375,268.59173583984375,0.9999932050704956,458.449462890625,245.00379943847656,0.9999895095825195,488.9401550292969,251.32359313964844,0.9999387264251709,511.6202087402344,302.7820739746094,0.9999624490737915
101,425.25933837890625,366.9278259277344,0.9999634027481079,442.2491455078125,360.1409606933594,0.9999563694000244,465.8332824707031,363.78570556640625,0.9998997449874878,490.00384521484375,379.8352966308594,0.9998934268951416,435.9063415527344,269.6587219238281,0.999993085861206,458.449462890625,244.94639587402344,0.99998939037323,488.5060729980469,251.32359313964844,0.999945878982544,511.4508972167969,302.9343566894531,0.9999508857727051
102,425.25933837890625,367.3636779785156,0.9999450445175171,442.2491455078125,360.4788513183594,0.9999692440032959,465.8332824707031,364.2983093261719,0.9999027252197266,490.00384521484375,379.9765625,0.999906063079834,436.0404052734375,269.80548095703125,0.9999934434890747,458.41741943359375,244.94639587402344,0.9999899864196777,488.4114074707031,251.51300048828125,0.9999414682388306,511.4508972167969,302.9343566894531,0.9999563694000244
103,425.25933837890625,368.1780700683594,0.9999486207962036,442.2491455078125,361.84808349609375,0.9999552965164185,465.8332824707031,365.55810546875,0.9999223947525024,490.18218994140625,380.4237060546875,0.999886155128479,436.2470397949219,269.81597900390625,0.9999945163726807,458.41741943359375,245.00379943847656,0.9999920129776001,488.4114074707031,251.53587341308594,0.9999502897262573,511.4508972167969,303.227783203125,0.9999592304229736
104,426.3804016113281,367.3636779785156,0.9999492168426514,442.6449890136719,360.4788513183594,0.9999686479568481,466.1373291015625,364.2983093261719,0.9999356269836426,490.89178466796875,380.0319519042969,0.9999088048934937,437.0282897949219,269.81597900390625,0.9999942779541016,458.449462890625,245.00379943847656,0.9999915361404419,488.5060729980469,251.53587341308594,0.9999552965164185,511.4703369140625,303.0686340332031,0.9999580383300781
105,426.9155578613281,366.78350830078125,0.9999254941940308,442.663818359375,360.1658935546875,0.9999747276306152,466.7443542480469,363.9580078125,0.9999402761459351,490.9909973144531,380.0319519042969,0.9999277591705322,437.11981201171875,269.81597900390625,0.9999943971633911,458.4044494628906,244.94639587402344,0.9999889135360718,488.82757568359375,251.53587341308594,0.9999289512634277,511.4703369140625,303.3602294921875,0.9999523162841797
106,426.9155578613281,367.29656982421875,0.9999428987503052,443.4021301269531,360.3674011230469,0.9999607801437378,467.01947021484375,363.9580078125,0.9999003410339355,491.0220947265625,380.0319519042969,0.9998974800109863,437.11981201171875,269.8173828125,0.9999957084655762,458.65509033203125,244.9203643798828,0.9999895095825195,488.82757568359375,251.53587341308594,0.9999352693557739,511.4746398925781,303.0686340332031,0.9999567270278931
107,426.43304443359375,367.29656982421875,0.9999483823776245,443.4021301269531,360.3674011230469,0.9999685287475586,467.01947021484375,363.9580078125,0.9999427795410156,491.6446228027344,380.0319519042969,0.9999140501022339,437.11981201171875,270.0046081542969,0.9999943971633911,458.65509033203125,245.20909118652344,0.9999864101409912,489.02490234375,251.49110412597656,0.9999477863311768,511.4703369140625,303.3602294921875,0.9999622106552124
108,426.58392333984375,367.29656982421875,0.9999346733093262,443.10101318359375,360.3674011230469,0.9999651908874512,467.01947021484375,363.9580078125,0.9999121427536011,491.6446228027344,380.0319519042969,0.999902606010437,437.3013000488281,270.2507019042969,0.9999927282333374,458.3052978515625,244.9203643798828,0.9999924898147583,488.9001159667969,251.49110412597656,0.9999542236328125,511.41009521484375,303.36065673828125,0.999966025352478
109,426.43304443359375,367.4632873535156,0.9999469518661499,443.10101318359375,361.03680419921875,0.9999682903289795,467.01947021484375,364.25762939453125,0.999925971031189,491.6446228027344,380.0660400390625,0.9998974800109863,436.7768249511719,270.2507019042969,0.9999921321868896,458.3052978515625,244.9203643798828,0.9999868869781494,488.9001159667969,251.49110412597656,0.9999399185180664,511.41009521484375,303.36065673828125,0.999958872795105
110,426.43304443359375,367.4632873535156,0.999932050704956,442.9747009277344,361.03680419921875,0.9999743700027466,467.0657653808594,364.54632568359375,0.9999344348907471,491.5987854003906,380.0660400390625,0.9998874664306641,436.7768249511719,270.2507019042969,0.9999945163726807,458.51226806640625,244.85369873046875,0.9999885559082031,488.9001159667969,250.92898559570312,0.9999401569366455,511.425048828125,303.36065673828125,0.9999661445617676
111,426.58392333984375,367.4632873535156,0.9999183416366577,442.9747009277344,361.3801574707031,0.9999681711196899,466.8043212890625,365.1104431152344,0.9999405145645142,490.5485534667969,380.1128234863281,0.9998979568481445,436.7768249511719,270.2507019042969,0.9999946355819702,458.3052978515625,245.20909118652344,0.9999904632568359,488.9001159667969,250.92898559570312,0.9999353885650635,511.28289794921875,303.5121765136719,0.999957799911499
112,426.58392333984375,367.4632873535156,0.9999483823776245,442.8185119628906,361.5359802246094,0.9999691247940063,466.7621154785156,365.3536376953125,0.9999357461929321,490.518798828125,381.00347900390625,0.999902606010437,436.7768249511719,270.2507019042969,0.9999942779541016,458.51226806640625,245.34280395507812,0.9999908208847046,488.9001159667969,251.5146942138672,0.9999518394470215,511.425048828125,303.5946350097656,0.9999620914459229
113,426.2561950683594,367.4632873535156,0.9999512434005737,442.7040100097656,361.6094970703125,0.9999772310256958,466.76141357421875,365.8647766113281,0.9999256134033203,490.35888671875,381.00347900390625,0.9998846054077148,436.7768249511719,270.2920227050781,0.9999943971633911,458.51226806640625,245.34280395507812,0.9999905824661255,488.8004455566406,251.5146942138672,0.9999582767486572,511.425048828125,303.5121765136719,0.9999635219573975
114,425.9520568847656,367.1008605957031,0.999936580657959,442.3030090332031,361.6094970703125,0.9999746084213257,466.1952819824219,365.8647766113281,0.9999241828918457,490.0885925292969,381.2505187988281,0.9999178647994995,436.8380126953125,270.2920227050781,0.9999936819076538,458.2986755371094,245.29627990722656,0.9999873638153076,488.8004455566406,251.7255096435547,0.999941349029541,511.4244079589844,303.6017150878906,0.9999685287475586
115,425.6522521972656,367.6996154785156,0.9999428987503052,442.23492431640625,361.6094970703125,0.9999746084213257,466.02490234375,365.8647766113281,0.9999371767044067,489.9771728515625,381.00347900390625,0.9999243021011353,436.50341796875,270.2920227050781,0.9999924898147583,458.2986755371094,245.56436157226562,0.9999861717224121,488.9580383300781,251.7255096435547,0.9999366998672485,511.3601379394531,303.7095947265625,0.9999632835388184
116,425.24456787109375,367.6996154785156,0.9999258518218994,442.1133728027344,360.9877624511719,0.9999641180038452,466.0001525878906,365.3404541015625,0.9999493360519409,489.72216796875,380.9626770019531,0.9999061822891235,436.62359619140625,269.697021484375,0.9999943971633911,458.6891174316406,245.29627990722656,0.99998939037323,488.9580383300781,251.57997131347656,0.9999322891235352,511.3601379394531,303.7106018066406,0.9999674558639526
117,424.9000549316406,367.6996154785156,0.9999493360519409,441.64935302734375,360.9877624511719,0.9999470710754395,465.57135009765625,365.26702880859375,0.9998774528503418,489.36480712890625,380.9626770019531,0.9999024868011475,436.65771484375,269.4244689941406,0.999995231628418,458.6891174316406,245.06968688964844,0.9999886751174927,488.8829040527344,251.7255096435547,0.9999423027038574,511.3601379394531,303.9336853027344,0.9999592304229736
118,424.9000549316406,367.6996154785156,0.9999544620513916,441.64935302734375,360.9877624511719,0.9999579191207886,465.0687561035156,365.26702880859375,0.9998878240585327,489.18365478515625,381.2505187988281,0.9998934268951416,436.65771484375,269.4244689941406,0.9999948740005493,458.71356201171875,245.06968688964844,0.9999914169311523,488.9580383300781,251.8555908203125,0.9999517202377319,511.2772216796875,304.28192138671875,0.9999725818634033
119,424.8039245605469,368.17950439453125,0.9999524354934692,441.64935302734375,361.4941101074219,0.9999504089355469,464.8664855957031,365.26702880859375,0.9998977184295654,488.96087646484375,381.6063232421875,0.9998891353607178,436.65771484375,269.4244689941406,0.9999957084655762,458.79400634765625,245.93634033203125,0.99998939037323,488.8829040527344,251.94764709472656,0.9999560117721558,511.0863037109375,304.5985107421875,0.999962568283081
120,424.1844787597656,369.59674072265625,0.9999366998672485,440.97796630859375,363.8208923339844,0.9999561309814453,464.3865966796875,369.7166748046875,0.9999088048934937,488.62115478515625,386.3664855957031,0.9999337196350098,437.1524353027344,269.5426330566406,0.9999959468841553,460.4984436035156,247.84104919433594,0.9999817609786987,488.8829040527344,254.12496948242188,0.9999402761459351,510.81964111328125,306.205078125,0.999971866607666
121,423.90380859375,370.2475891113281,0.9998598098754883,440.8708190917969,366.0903015136719,0.9999635219573975,464.354248046875,370.0643615722656,0.9999281167984009,488.4324951171875,387.1023254394531,0.9999011754989624,437.25433349609375,270.67486572265625,0.9999942779541016,461.32916259765625,247.9981231689453,0.9999803304672241,489.0801086425781,254.12890625,0.9998961687088013,510.81964111328125,307.50775146484375,0.9999845027923584
122,423.3388366699219,372.7100524902344,0.9999551773071289,440.6094970703125,367.9205627441406,0.9999406337738037,463.15362548828125,372.8293762207031,0.9999327659606934,487.47528076171875,390.40289306640625,0.9998633861541748,437.6274108886719,272.315673828125,0.9999896287918091,461.6530456542969,248.0667724609375,0.9999834299087524,489.2631530761719,254.78941345214844,0.999893307685852,510.81964111328125,307.5782775878906,0.99997878074646
123,423.0933837890625,372.7100524902344,0.9999274015426636,440.6094970703125,369.1600036621094,0.9999679327011108,462.9147644042969,373.1700744628906,0.9999606609344482,487.2420349121094,390.9011535644531,0.9998874664306641,437.6274108886719,273.02587890625,0.9999964237213135,461.9902038574219,249.2105255126953,0.9999698400497437,489.578125,255.24766540527344,0.999904990196228,511.05859375,308.2538757324219,0.9999794960021973
124,422.44049072265625,373.3181457519531,0.9999765157699585,440.3704528808594,369.7153625488281,0.9999771118164062,462.6587219238281,373.53387451171875,0.999954342842102,486.84454345703125,391.86578369140625,0.9999700784683228,437.4777526855469,275.5329284667969,0.9999924898147583,462.3510437011719,250.3892822265625,0.9999557733535767,489.88592529296875,257.3812255859375,0.9999516010284424,511.05926513671875,311.267578125,0.9999475479125977
125,421.0066833496094,375.12744140625,0.9999505281448364,438.6960144042969,369.75604248046875,0.9999792575836182,461.7491149902344,376.3055114746094,0.9999762773513794,485.3442687988281,395.0549621582031,0.9998819828033447,438.0678405761719,275.55255126953125,0.9999980926513672,463.2296447753906,250.98104858398438,0.9999532699584961,490.03424072265625,258.08917236328125,0.999972939491272,511.63330078125,312.20916748046875,0.9999520778656006
126,421.0066833496094,376.3702697753906,0.9999386072158813,438.6960144042969,371.4396057128906,0.9999850988388062,460.6600341796875,376.90509033203125,0.9999722242355347,485.1533508300781,395.7779846191406,0.9999687671661377,438.0678405761719,278.07269287109375,0.9999969005584717,463.46673583984375,254.64883422851562,0.9999421834945679,490.09014892578125,260.8176574707031,0.9999500513076782,511.7864074707031,316.04644775390625,0.9999760389328003
127,420.9737243652344,376.76202392578125,0.9999523162841797,438.1766662597656,374.9286804199219,0.9999749660491943,460.6600341796875,382.4842834472656,0.9999585151672363,485.3442687988281,401.89837646484375,0.9999597072601318,438.0678405761719,279.18212890625,0.9999953508377075,463.46673583984375,256.47381591796875,0.99994957447052,490.09014892578125,262.7166442871094,0.9999606609344482,511.97723388671875,318.20697021484375,0.9999598264694214
128,420.9737243652344,380.96270751953125,0.9999721050262451,438.1766662597656,377.72210693359375,0.9999423027038574,460.6600341796875,383.9490966796875,0.99994957447052,485.3442687988281,403.1969909667969,0.9999703168869019,438.4039001464844,282.3984680175781,0.999992847442627,464.6431884765625,258.1437072753906,0.9999837875366211,490.09014892578125,268.4207458496094,0.999901294708252,513.6248779296875,321.9200439453125,0.999985933303833
129,421.0008544921875,387.0225830078125,0.9999783039093018,439.2861022949219,382.026611328125,0.9999562501907349,461.26593017578125,388.31695556640625,0.9999722242355347,486.3054504394531,407.83209228515625,0.9999380111694336,438.45111083984375,287.3940124511719,0.9999927282333374,464.69012451171875,262.3269348144531,0.9999842643737793,490.8924865722656,269.7726745605469,0.9999181032180786,513.7529296875,326.4969177246094,0.9999897480010986
130,422.08880615234375,387.24945068359375,0.999988317489624,439.6331787109375,383.6771240234375,0.999950647354126,462.34124755859375,391.4561767578125,0.9999496936798096,486.8726501464844,409.6311340332031,0.9999246597290039,438.7964782714844,289.5430908203125,0.9999939203262329,465.1918029785156,266.1537780761719,0.9999802112579346,491.1431884765625,274.02862548828125,0.9999722242355347,514.8614501953125,329.3983459472656,0.9999812841415405
131,423.2017822265625,390.8737487792969,0.999967098236084,441.4512634277344,388.4475402832031,0.9999817609786987,463.9598693847656,394.9599609375,0.9999419450759888,487.658203125,413.9549560546875,0.9999325275421143,441.2997131347656,293.6951599121094,0.9999903440475464,467.3599548339844,271.635986328125,0.9999802112579346,492.72076416015625,279.2488098144531,0.9999463558197021,515.1551513671875,333.9775085449219,0.9999854564666748
132,423.2017822265625,392.3808898925781,0.9999505281448364,441.4512634277344,390.6199951171875,0.9999802112579346,465.048828125,398.1728210449219,0.9999512434005737,489.3262634277344,417.663330078125,0.9999638795852661,442.07891845703125,295.95819091796875,0.9999886751174927,468.01153564453125,273.5529479980469,0.999987006187439,495.1758117675781,282.12841796875,0.9999396800994873,517.9679565429688,339.1969909667969,0.9999934434890747
133,423.2017822265625,398.45635986328125,0.9999560117721558,441.7943420410156,396.01605224609375,0.9999676942825317,465.7738037109375,404.7577819824219,0.9999639987945557,489.7909240722656,422.66937255859375,0.9999605417251587,444.6146545410156,300.17840576171875,0.9999628067016602,470.52764892578125,276.2018127441406,0.9999845027923584,496.08758544921875,287.3667907714844,0.9999433755874634,518.0659790039062,343.3701477050781,0.9999834299087524
134,423.481201171875,404.7351379394531,0.9999778270721436,442.4643249511719,400.9338684082031,0.9999399185180664,467.74932861328125,409.4643859863281,0.9998672008514404,491.2031555175781,427.353271484375,0.9999642372131348,445.1136169433594,304.8572082519531,0.9999854564666748,471.01922607421875,283.2950744628906,0.9999923706054688,497.1154479980469,290.3231506347656,0.9999760389328003,519.3347778320312,347.6484680175781,0.9999802112579346
135,423.4891052246094,409.6282653808594,0.9999663829803467,442.4643249511719,405.1907653808594,0.9999816417694092,467.75640869140625,413.3083801269531,0.9999613761901855,492.19989013671875,429.6540832519531,0.999977707862854,445.61065673828125,308.8472595214844,0.999991774559021,473.7998962402344,286.34649658203125,0.999954342842102,497.78363037109375,295.0552062988281,0.9999786615371704,521.4973754882812,353.7984924316406,0.9999685287475586
136,423.6358337402344,414.07403564453125,0.9999597072601318,443.5848388671875,409.59130859375,0.9999599456787109,469.20965576171875,417.5727233886719,0.9999707937240601,492.8182373046875,433.168701171875,0.9999653100967407,447.5602111816406,315.6939697265625,0.9999895095825195,474.0141296386719,291.1883239746094,0.9999923706054688,500.3053894042969,300.642333984375,0.9999903440475464,522.6812133789062,358.0572814941406,0.9999587535858154
137,425.4942321777344,417.8052978515625,0.999941349029541,445.2218017578125,413.508544921875,0.9999567270278931,469.84735107421875,422.3240661621094,0.9999797344207764,492.8336181640625,438.15960693359375,0.9999455213546753,448.0417785644531,320.3442077636719,0.9999873638153076,475.2445983886719,297.5921936035156,0.9999734163284302,502.09442138671875,308.2428283691406,0.9999877214431763,525.0611572265625,363.2100524902344,0.9998897314071655
138,427.2121276855469,420.05633544921875,0.9999768733978271,446.34808349609375,416.3934631347656,0.9999655485153198,470.97772216796875,425.6271057128906,0.9999161958694458,494.3179931640625,440.37225341796875,0.999875545501709,451.0085754394531,323.72247314453125,0.9999980926513672,477.2779235839844,300.6098327636719,0.9999600648880005,504.80438232421875,312.7603759765625,0.9999138116836548,527.217041015625,370.3160095214844,0.9999654293060303
139,429.0655517578125,423.50494384765625,0.99996018409729,448.6479797363281,420.2467956542969,0.9999861717224121,471.50701904296875,429.1029357910156,0.9999611377716064,494.6749572753906,445.416015625,0.9999591112136841,452.1495666503906,328.1885986328125,0.9999911785125732,478.9188232421875,305.3878173828125,0.9999812841415405,507.07159423828125,317.0352478027344,0.9999325275421143,529.5491333007812,376.5801086425781,0.999971866607666
140,431.041015625,426.10662841796875,0.9999175071716309,450.2200622558594,421.719482421875,0.9999793767929077,475.1007995605469,431.626220703125,0.9999452829360962,497.3192138671875,450.3108215332031,0.999976634979248,455.16217041015625,331.36285400390625,0.9999901056289673,481.22174072265625,309.3406677246094,0.9999876022338867,509.2284851074219,321.8654479980469,0.999976634979248,531.2701416015625,384.15753173828125,0.9999698400497437
141,434.3349914550781,429.1826171875,0.999967098236084,452.92718505859375,426.8408203125,0.9999735355377197,476.53472900390625,436.686767578125,0.9999723434448242,498.7863464355469,455.3390808105469,0.9999616146087646,457.15447998046875,337.0697937011719,0.9999778270721436,484.11956787109375,316.90411376953125,0.9999889135360718,511.5003662109375,328.334228515625,0.9998714923858643,535.2356567382812,390.2213134765625,0.9999662637710571
142,436.8837585449219,433.61224365234375,0.9999749660491943,456.4216003417969,431.9012145996094,0.9999247789382935,479.1656494140625,444.1599426269531,0.9999182224273682,500.9797058105469,464.6914978027344,0.999974250793457,459.19256591796875,342.58404541015625,0.9999927282333374,486.28955078125,322.1218566894531,0.9999871253967285,514.6212768554688,335.1185607910156,0.9999845027923584,536.0474853515625,397.3934631347656,0.9999525547027588
143,438.84521484375,440.1896057128906,0.9999545812606812,458.2423400878906,438.4280700683594,0.9999504089355469,482.5216369628906,448.83111572265625,0.9999350309371948,502.1549987792969,470.9122009277344,0.9999085664749146,462.11309814453125,349.735107421875,0.9999650716781616,489.5140075683594,330.7895812988281,0.9999558925628662,516.9149169921875,342.9296569824219,0.9999810457229614,540.9143676757812,405.5682678222656,0.9999569654464722
144,443.18670654296875,448.4381408691406,0.9999529123306274,461.76116943359375,445.43597412109375,0.9999330043792725,484.3219299316406,458.3438415527344,0.9999580383300781,503.41033935546875,480.03961181640625,0.9999401569366455,464.9866943359375,354.5590515136719,0.9999963045120239,493.230224609375,336.7450866699219,0.999985933303833,520.9779052734375,350.46685791015625,0.999893307685852,544.91748046875,413.6924743652344,0.9999567270278931
145,444.7112121582031,454.1048889160156,0.9999821186065674,463.044921875,454.7496337890625,0.9999632835388184,486.5169982910156,466.5263366699219,0.9999611377716064,506.2558898925781,488.1601257324219,0.9998780488967896,469.9755554199219,360.45599365234375,0.9999909400939941,496.61517333984375,342.7367248535156,0.9999858140945435,522.7146606445312,359.8572998046875,0.9999345541000366,547.0538940429688,423.40771484375,0.9999669790267944
146,447.32257080078125,456.4142150878906,0.9998970031738281,466.87249755859375,459.2978210449219,0.9999847412109375,488.8564453125,472.3014221191406,0.9999113082885742,508.0009765625,494.69122314453125,0.9998753070831299,473.6226806640625,366.8515625,0.999976396560669,500.68267822265625,349.2860107421875,0.9999922513961792,526.794677734375,365.830810546875,0.9999504089355469,552.5785522460938,429.03680419921875,0.9999061822891235
147,449.36767578125,462.5215759277344,0.9998764991760254,468.8887023925781,464.38134765625,0.9999300241470337,490.9469299316406,480.4610595703125,0.9998680353164673,510.1474914550781,507.34796142578125,0.9999061822891235,477.2837829589844,373.9517517089844,0.9999890327453613,505.72406005859375,355.61932373046875,0.9999873638153076,532.622314453125,374.8512878417969,0.9999735355377197,556.36181640625,441.0146789550781,0.9998235106468201
148,449.36767578125,470.3657531738281,0.9992910623550415,470.44769287109375,472.69842529296875,0.9996371269226074,491.6622009277344,489.7693786621094,0.9997746348381042,510.9733581542969,518.0498657226562,0.9999231100082397,478.338134765625,382.2369079589844,0.9999569654464722,506.95550537109375,364.0752258300781,0.9999639987945557,536.6866455078125,381.3876037597656,0.9998828172683716,560.2808837890625,451.2089538574219,0.9999701976776123
149,449.6985168457031,490.9532470703125,0.9962663054466248,472.6653137207031,484.6321716308594,0.9997770190238953,494.37384033203125,497.4112243652344,0.9996839761734009,514.63427734375,522.74072265625,0.9999223947525024,485.09979248046875,388.6912841796875,0.9999970197677612,512.02587890625,372.6044006347656,0.9999873638153076,541.6705932617188,390.48773193359375,0.9999547004699707,566.1276245117188,458.0910949707031,0.9999648332595825
150,449.6985168457031,499.8358154296875,0.9982210993766785,473.9724426269531,492.1396179199219,0.9995187520980835,494.9730529785156,506.0256652832031,0.9997698664665222,516.5942993164062,529.9918823242188,0.999962568283081,489.1670227050781,394.716796875,0.9999737739562988,520.2728271484375,379.36273193359375,0.9999724626541138,546.4246826171875,399.08349609375,0.9999713897705078,571.7605590820312,470.182373046875,0.9999395608901978
151,449.6985168457031,502.3937683105469,0.9996824264526367,474.0673522949219,502.436279296875,0.9998711347579956,496.2926940917969,514.7277221679688,0.9998308420181274,517.0497436523438,541.5653686523438,0.9999276399612427,493.53302001953125,404.38751220703125,0.9999896287918091,522.8885498046875,386.2493591308594,0.9999892711639404,550.0691528320312,410.06256103515625,0.9999312162399292,573.926513671875,477.83575439453125,0.9996770620346069
152,458.0235900878906,503.1947937011719,0.9998495578765869,481.14080810546875,508.3362731933594,0.9997716546058655,502.8912048339844,524.7997436523438,0.9998063445091248,522.9886474609375,549.8914794921875,0.9998586177825928,500.6988220214844,410.61614990234375,0.9999922513961792,528.5858154296875,395.96453857421875,0.9999771118164062,554.824462890625,421.4006042480469,0.999964714050293,575.2076416015625,487.3995361328125,0.9999256134033203
153,458.5528564453125,513.2757568359375,0.9998778104782104,482.76348876953125,517.992431640625,0.9999107122421265,505.0570373535156,533.3877563476562,0.9999068975448608,523.3649291992188,559.01025390625,0.999810516834259,506.1145324707031,417.82470703125,0.9999872446060181,533.317626953125,405.20068359375,0.9999922513961792,561.9010620117188,430.74365234375,0.9999721050262451,580.2901611328125,497.79864501953125,0.9999798536300659
154,464.0982360839844,522.2191162109375,0.9996050000190735,489.3941345214844,526.0438232421875,0.9995957016944885,511.7829284667969,539.9016723632812,0.9998154044151306,527.9873657226562,567.2161865234375,0.9997082352638245,508.18377685546875,430.3177795410156,0.9999654293060303,538.4960327148438,416.8154602050781,0.9999784231185913,565.9237670898438,441.1570739746094,0.999886155128479,583.072265625,510.42376708984375,0.999927282333374
155,472.2680969238281,526.2669067382812,0.9997503161430359,494.14996337890625,534.2786865234375,0.9992727637290955,516.1331176757812,551.1607666015625,0.9997311234474182,533.150634765625,579.8462524414062,0.99982088804245,517.376220703125,435.6087951660156,0.999996542930603,545.5204467773438,425.4685363769531,0.9999692440032959,572.60302734375,451.4455261230469,0.9999403953552246,589.567138671875,519.701904296875,0.9999125003814697
156,476.37457275390625,535.302490234375,0.9999145269393921,499.62884521484375,539.8272705078125,0.9998722076416016,519.8837890625,556.3497314453125,0.9997979998588562,537.9945068359375,585.1025390625,0.9995062351226807,521.8756103515625,445.146240234375,0.999982476234436,552.3886108398438,434.3793029785156,0.9999520778656006,578.3868408203125,459.2164306640625,0.9999560117721558,593.8156127929688,531.6719360351562,0.9999856948852539
157,482.8289794921875,548.4463500976562,0.9999868869781494,503.26580810546875,550.8950805664062,0.9995762705802917,526.6464233398438,565.6732177734375,0.9995155334472656,544.1378784179688,595.58740234375,0.9987093210220337,529.8267211914062,453.7703857421875,0.9999966621398926,559.6485595703125,444.63018798828125,0.9999548196792603,586.4307250976562,472.2679748535156,0.9998908042907715,598.9328002929688,542.173828125,0.9999587535858154
158,488.2701721191406,560.9938354492188,0.9998788833618164,511.0413818359375,563.0166625976562,0.9999306201934814,532.3544921875,575.2169189453125,0.9997239708900452,549.6005859375,606.435791015625,0.9994656443595886,536.3782958984375,462.6845703125,0.9999783039093018,565.4226684570312,456.44049072265625,0.9999691247940063,595.0689086914062,483.56683349609375,0.9999856948852539,604.7627563476562,552.080078125,0.9999649524688721
159,493.2987365722656,566.9693603515625,0.999942421913147,513.8389282226562,573.8806762695312,0.9999326467514038,533.2196655273438,590.522705078125,0.9998427629470825,551.0390014648438,619.5897216796875,0.999782145023346,542.9472045898438,468.0033264160156,0.9999904632568359,572.66650390625,464.0882873535156,0.9999608993530273,603.4998779296875,495.0915222167969,0.9998855590820312,612.1544799804688,564.7332153320312,0.9999912977218628
160,495.73974609375,574.2593383789062,0.9998879432678223,516.3522338867188,580.0277099609375,0.9999655485153198,537.5015258789062,596.26171875,0.9995203018188477,554.3179931640625,629.731201171875,0.9995341300964355,547.1929321289062,477.5931701660156,0.9999958276748657,577.4049682617188,473.6695556640625,0.9999500513076782,609.8929443359375,506.7669982910156,0.9999773502349854,616.4263916015625,576.1306762695312,0.9999109506607056
161,500.3111877441406,581.9913940429688,0.9999703168869019,519.207763671875,588.8101196289062,0.9997298121452332,539.5496826171875,605.7097778320312,0.9993343949317932,558.668701171875,639.9879760742188,0.9979826211929321,551.5924682617188,487.3416748046875,0.9999927282333374,583.7099609375,483.9263000488281,0.9999830722808838,615.696044921875,517.4998168945312,0.9999569654464722,620.4866943359375,588.4788208007812,0.9998555183410645
162,504.8493347167969,590.4689331054688,0.9998350143432617,522.36376953125,598.1646118164062,0.9997343420982361,544.2233276367188,616.6604614257812,0.9983848333358765,562.2190551757812,651.9698486328125,0.9994435906410217,558.6029663085938,495.78314208984375,0.9999618530273438,588.5930786132812,494.2540283203125,0.999954342842102,620.922607421875,527.6807861328125,0.9999041557312012,624.7821044921875,598.837890625,0.999976396560669
163,504.88580322265625,598.9430541992188,0.9999295473098755,523.1814575195312,607.2979736328125,0.9998646974563599,545.040771484375,626.0801391601562,0.9988443851470947,565.277587890625,659.5460205078125,0.999420166015625,562.1775512695312,505.4280090332031,0.999988317489624,592.576904296875,504.88568115234375,0.9999369382858276,625.4342041015625,536.7400512695312,0.9999681711196899,630.6411743164062,608.2498168945312,0.9999436140060425
164,509.8221130371094,607.8917236328125,0.9998030066490173,527.1730346679688,618.317138671875,0.9997544884681702,547.83984375,637.1599731445312,0.9995187520980835,567.2215576171875,668.673095703125,0.9978412389755249,565.3699340820312,512.37060546875,0.9999852180480957,597.5104370117188,511.2018737792969,0.9999662637710571,629.8506469726562,546.0004272460938,0.9999878406524658,633.3463745117188,619.3899536132812,0.9999045133590698
165,513.478759765625,614.73095703125,0.9998389482498169,533.5009765625,625.1244506835938,0.9998362064361572,551.6994018554688,642.8294677734375,0.9990774393081665,568.30078125,675.585205078125,0.9974645376205444,569.4857788085938,521.2344970703125,0.9999778270721436,601.7611083984375,516.8171997070312,0.999977707862854,634.2551879882812,553.0718383789062,0.9998804330825806,637.443115234375,630.0570068359375,0.9999493360519409
166,516.5809326171875,616.6193237304688,0.9998492002487183,536.61376953125,627.165771484375,0.9996287822723389,555.1107788085938,646.6234741210938,0.9990410208702087,572.4767456054688,680.0862426757812,0.9976882934570312,573.3655395507812,525.224853515625,0.999967098236084,605.4322509765625,523.6525268554688,0.9999473094940186,637.6881103515625,559.184814453125,0.999848484992981,639.972900390625,635.73486328125,0.999957799911499
167,519.3773193359375,620.2329711914062,0.999808132648468,536.9530029296875,634.492431640625,0.9993135929107666,555.2018432617188,655.9779663085938,0.9988783001899719,572.4767456054688,688.7085571289062,0.9982847571372986,576.4439086914062,530.2619018554688,0.9999935626983643,609.271728515625,528.5396728515625,0.999963641166687,639.775634765625,565.8239135742188,0.9999783039093018,642.1231079101562,642.14501953125,0.9999661445617676
168,523.6260986328125,624.2587280273438,0.9995662569999695,540.0283203125,636.1990356445312,0.9991820454597473,557.3734741210938,656.3416137695312,0.996461808681488,572.4767456054688,691.9287719726562,0.9983260035514832,580.1113891601562,532.5808715820312,0.9999978542327881,611.836669921875,532.9821166992188,0.9999877214431763,642.63916015625,569.9589233398438,0.9999755620956421,643.4193725585938,647.5099487304688,0.9999352693557739
169,523.68701171875,625.9987182617188,0.9998456239700317,541.2203979492188,637.1107788085938,0.9996438026428223,557.6402587890625,658.880859375,0.9982422590255737,571.20458984375,694.5778198242188,0.9944261312484741,581.3750610351562,536.8362426757812,0.9999918937683105,613.8405151367188,536.5332641601562,0.9999604225158691,644.6749877929688,574.4561157226562,0.9999744892120361,647.0101318359375,653.0090942382812,0.9999527931213379
170,524.758056640625,627.2837524414062,0.9998273253440857,543.0224609375,642.052734375,0.9988011121749878,559.2074584960938,664.4702758789062,0.9924348592758179,571.20458984375,698.1190795898438,0.9739710092544556,584.1072387695312,539.727783203125,0.9999895095825195,615.1209716796875,540.856689453125,0.9999082088470459,646.13720703125,577.8062744140625,0.9999778270721436,647.617919921875,656.52587890625,0.999704897403717
171,525.6964721679688,631.4298706054688,0.999627947807312,543.0224609375,646.98681640625,0.9980132579803467,559.2074584960938,668.815673828125,0.9974912405014038,571.20458984375,700.2857666015625,0.9510664939880371,587.8915405273438,542.0187377929688,0.9999756813049316,619.0003051757812,544.8082275390625,0.9999595880508423,647.6755981445312,580.7405395507812,0.9999649524688721,649.2418212890625,661.9137573242188,0.9995822310447693
172,528.1467895507812,633.3406982421875,0.9996917247772217,544.860595703125,647.7306518554688,0.9989262223243713,560.4321899414062,669.2365112304688,0.9991377592086792,573.1732177734375,701.2640991210938,0.958527147769928,588.40380859375,545.103515625,0.9999891519546509,620.035400390625,547.4313354492188,0.9999834299087524,649.8593139648438,583.09033203125,0.9999393224716187,651.9282836914062,662.0276489257812,0.9995916485786438
173,528.1929321289062,633.4756469726562,0.9996333122253418,545.4369506835938,648.1168823242188,0.9995501637458801,561.3695678710938,670.5635375976562,0.9992096424102783,576.3851928710938,701.806396484375,0.9880802631378174,589.3850708007812,545.9373779296875,0.9999905824661255,620.89404296875,548.5856323242188,0.9999852180480957,651.0496826171875,586.0742797851562,0.9998629093170166,653.2681274414062,663.7884521484375,0.999319314956665
174,529.3706665039062,636.7373657226562,0.9994432330131531,546.5994262695312,652.4547119140625,0.9985719919204712,561.80029296875,675.4415283203125,0.9944491386413574,576.3851928710938,708.1796875,0.9681835770606995,589.7735595703125,548.6569213867188,0.9999933242797852,621.7540283203125,550.6095581054688,0.999980092048645,651.3895263671875,588.3978881835938,0.9998676776885986,653.4374389648438,666.8924560546875,0.9997411370277405
175,529.8200073242188,638.4231567382812,0.9995365142822266,546.6150512695312,654.87451171875,0.9989134073257446,561.80029296875,679.1085205078125,0.9934559464454651,576.1279296875,709.8712768554688,0.9657361507415771,591.5059204101562,550.163818359375,0.9999936819076538,622.8361206054688,551.7886962890625,0.9999654293060303,652.3952026367188,590.4452514648438,0.9998711347579956,653.4754638671875,667.0181884765625,0.9996403455734253
176,531.063720703125,641.076171875,0.9992161989212036,546.8045043945312,655.7994384765625,0.9969347715377808,562.6243896484375,679.5841064453125,0.9920642971992493,576.4696044921875,710.264404296875,0.9738302826881409,591.787353515625,551.1845703125,0.9999852180480957,622.9876708984375,552.9179077148438,0.9999349117279053,654.0791015625,592.0452270507812,0.9999104738235474,656.4846801757812,670.9404907226562,0.9997227787971497
177,531.5142822265625,641.4763793945312,0.9996008276939392,546.9361572265625,656.882080078125,0.9982863068580627,563.0035400390625,679.8192749023438,0.9943893551826477,577.0401000976562,711.8839111328125,0.7692044377326965,592.6121826171875,553.7122802734375,0.9999854564666748,623.7998657226562,555.9133911132812,0.9999054670333862,654.1522216796875,595.0652465820312,0.999961256980896,656.770751953125,672.3809814453125,0.9995241165161133
178,532.08447265625,643.7009887695312,0.9996998310089111,548.8009033203125,659.8995971679688,0.9990009665489197,564.9920654296875,682.0785522460938,0.9992526173591614,579.6087646484375,712.2421264648438,0.9542593955993652,592.8583374023438,555.8120727539062,0.9999895095825195,623.9276123046875,558.109619140625,0.999958872795105,655.208251953125,596.2247924804688,0.9999644756317139,657.6682739257812,675.9642333984375,0.9994695782661438
179,532.08447265625,644.17822265625,0.9998400211334229,550.5588989257812,660.2523193359375,0.9965013265609741,566.7589721679688,683.2548828125,0.9920089244842529,580.967041015625,712.3037719726562,0.8385221362113953,593.59765625,557.2535400390625,0.9999947547912598,626.0133056640625,558.466064453125,0.9999816417694092,655.8248291015625,597.0513916015625,0.9999732971191406,658.3358154296875,677.1493530273438,0.9998792409896851
180,532.08447265625,650.1375122070312,0.998714804649353,550.5588989257812,663.766845703125,0.9934431314468384,566.7589721679688,685.553466796875,0.9925635457038879,580.967041015625,712.4708251953125,0.824016809463501,593.7933349609375,559.6324462890625,0.9999939203262329,626.0133056640625,561.258544921875,0.9999839067459106,655.8248291015625,599.3235473632812,0.999976634979248,658.3358154296875,677.7051391601562,0.9999481439590454
181,531.463134765625,653.544677734375,0.9991617202758789,550.5588989257812,668.0320434570312,0.998450517654419,566.7589721679688,688.6199340820312,0.9992697834968567,580.967041015625,715.4646606445312,0.9474495053291321,593.7933349609375,559.9225463867188,0.999992847442627,626.0133056640625,562.0449829101562,0.9999866485595703,655.8248291015625,601.4531860351562,0.999962568283081,658.3358154296875,679.6680908203125,0.9997977614402771
182,530.1595458984375,654.07958984375,0.9995088577270508,549.5853881835938,668.2291259765625,0.9981451034545898,565.487548828125,690.8990478515625,0.9970687031745911,577.7967529296875,716.3804321289062,0.36362025141716003,594.189208984375,562.4466552734375,0.999995231628418,626.0133056640625,563.445556640625,0.9999748468399048,655.5161743164062,602.6956176757812,0.9998075366020203,656.6052856445312,685.5459594726562,0.9997021555900574
183,530.1595458984375,655.5547485351562,0.9993059635162354,549.347412109375,668.2291259765625,0.9990032315254211,565.487548828125,690.8990478515625,0.9991024732589722,576.1080932617188,715.4646606445312,0.9199669361114502,594.335693359375,563.1470336914062,0.9999942779541016,626.046875,564.4342041015625,0.9999730587005615,655.5161743164062,605.3736572265625,0.9998874664306641,656.6052856445312,686.3756103515625,0.99967360496521
184,530.1595458984375,655.5547485351562,0.9992467164993286,549.347412109375,668.82080078125,0.9893742203712463,565.487548828125,693.0774536132812,0.9445880651473999,576.1080932617188,716.3804321289062,0.4074628949165344,596.2378540039062,565.1636962890625,0.9999974966049194,626.046875,566.7498779296875,0.9999681711196899,655.5161743164062,607.7847290039062,0.9998855590820312,656.6052856445312,688.0964965820312,0.9996904134750366
185,530.1595458984375,655.5547485351562,0.9997039437294006,549.347412109375,668.82080078125,0.9994183778762817,565.9134521484375,692.0306396484375,0.9993308782577515,576.1119384765625,715.758056640625,0.9765908718109131,596.6460571289062,565.756103515625,0.9999977350234985,626.5590209960938,567.8822631835938,0.9999598264694214,655.5928344726562,608.54833984375,0.9998015761375427,657.676513671875,690.9334106445312,0.9997486472129822
186,530.7042846679688,655.5547485351562,0.9997391104698181,551.0809326171875,669.5639038085938,0.9980320334434509,566.2308959960938,693.0774536132812,0.9953372478485107,576.1080932617188,717.69775390625,0.7571712732315063,596.890869140625,567.4650268554688,0.9999961853027344,626.6363525390625,568.8986206054688,0.9999542236328125,656.8330078125,610.9280395507812,0.99992835521698,658.0150756835938,692.6299438476562,0.9997366070747375
187,532.5411987304688,656.7626342773438,0.9996641874313354,551.0809326171875,670.2822875976562,0.9982206225395203,566.2308959960938,693.7159423828125,0.9988656044006348,576.1080932617188,717.69775390625,0.9745782017707825,596.9039916992188,569.6033935546875,0.9999918937683105,626.8829956054688,570.9965209960938,0.9999511241912842,657.5746459960938,612.2973022460938,0.9999549388885498,658.0150756835938,693.3314208984375,0.9997504353523254
188,532.7489013671875,658.5628051757812,0.9998750686645508,551.0809326171875,670.4095458984375,0.9989916682243347,567.4403686523438,695.8253784179688,0.9983526468276978,574.2052612304688,720.08642578125,0.47834712266921997,597.6754760742188,569.8705444335938,0.9999929666519165,627.8423461914062,572.4522705078125,0.9999629259109497,658.2513427734375,614.4317016601562,0.9999581575393677,658.0150756835938,695.6638793945312,0.9997345805168152
189,532.5411987304688,658.8280029296875,0.9996811151504517,550.840576171875,671.3939819335938,0.9984488487243652,566.2308959960938,697.0469360351562,0.9980193376541138,573.963134765625,721.3933715820312,0.2975514233112335,597.6754760742188,571.1270141601562,0.9999938011169434,628.0678100585938,573.7615966796875,0.9999696016311646,658.3023681640625,616.9241943359375,0.999906063079834,658.2518310546875,697.5767211914062,0.9992830157279968
190,532.5411987304688,659.1829833984375,0.9996492862701416,549.968017578125,672.8200073242188,0.9942050576210022,566.1942138671875,698.3592529296875,0.9957952499389648,573.828857421875,722.7339477539062,0.4508320093154907,598.1832885742188,571.6610717773438,0.999991774559021,629.1923217773438,575.7703857421875,0.999956488609314,658.3551025390625,618.3896484375,0.999931812286377,658.7391357421875,700.1890869140625,0.9997565150260925
191,530.5586547851562,666.3911743164062,0.9997084736824036,549.1284790039062,677.84814453125,0.9981617331504822,566.1942138671875,700.9450073242188,0.9979327917098999,573.828857421875,723.3858642578125,0.21868129074573517,598.1832885742188,574.6039428710938,0.999994158744812,629.2612915039062,577.0029296875,0.9999411106109619,658.7766723632812,620.1008911132812,0.9999322891235352,659.1798095703125,702.5348510742188,0.9996776580810547
192,530.5586547851562,666.3911743164062,0.9986636638641357,549.1284790039062,678.2738647460938,0.9951229691505432,566.2964477539062,702.1400146484375,0.9946564435958862,573.963134765625,723.5803833007812,0.15406589210033417,598.27001953125,575.56689453125,0.9999910593032837,629.6459350585938,578.18896484375,0.9999681711196899,659.5194702148438,621.03466796875,0.999946117401123,659.1798095703125,702.554443359375,0.999622106552124
193,530.5586547851562,667.7317504882812,0.9994977712631226,549.1284790039062,679.2753295898438,0.9942102432250977,566.2964477539062,702.3316650390625,0.959626317024231,574.4513549804688,723.765380859375,0.017279062420129776,598.27001953125,576.5001831054688,0.9999933242797852,629.812744140625,579.5213623046875,0.9999821186065674,659.8841552734375,622.35595703125,0.9999130964279175,659.48486328125,703.328857421875,0.9996360540390015
194,530.5586547851562,669.4609375,0.9998142123222351,549.1284790039062,682.0090942382812,0.9974961876869202,566.2964477539062,704.611572265625,0.9962849617004395,574.4513549804688,724.759033203125,0.19234490394592285,598.390625,577.4581298828125,0.9999909400939941,630.8101196289062,580.6375122070312,0.9999736547470093,661.2839965820312,623.8372192382812,0.9999117851257324,660.7305908203125,703.9412231445312,0.999613344669342
195,530.5586547851562,669.9625854492188,0.9995871186256409,548.8243408203125,682.9816284179688,0.9958226680755615,566.2964477539062,704.9454345703125,0.9864331483840942,574.4513549804688,725.2550048828125,0.049153927713632584,599.1207885742188,579.458251953125,0.9999938011169434,631.6820678710938,583.039306640625,0.9999281167984009,662.66455078125,626.9114990234375,0.999920129776001,661.42236328125,703.9866943359375,0.9992266893386841
196,534.2843017578125,669.9625854492188,0.9994204044342041,550.5662231445312,685.7214965820312,0.9953238368034363,564.9837646484375,710.1993408203125,0.9683112502098083,574.4513549804688,724.759033203125,0.0011850676964968443,601.967529296875,580.5133666992188,0.9999902248382568,631.6820678710938,584.3696899414062,0.9999023675918579,663.3419189453125,631.0404052734375,0.999937891960144,662.753662109375,704.7680053710938,0.9994761347770691
197,534.4450073242188,669.9625854492188,0.9995537400245667,550.5662231445312,685.7214965820312,0.9952937960624695,564.9837646484375,710.3507080078125,0.9840466380119324,574.4513549804688,726.7339477539062,0.0023992538917809725,602.1250610351562,582.772216796875,0.9999853372573853,632.050537109375,587.716796875,0.9998973608016968,663.4676513671875,631.6320190429688,0.9998688697814941,662.753662109375,704.9617309570312,0.9997424483299255
198,531.5820922851562,674.4928588867188,0.9991710186004639,548.8243408203125,685.92431640625,0.9844761490821838,564.7218627929688,712.128173828125,0.6460259556770325,584.5060424804688,726.7339477539062,0.0012556476285681129,602.6267700195312,584.4290771484375,0.9999768733978271,632.617431640625,588.971435546875,0.9998637437820435,665.0256958007812,632.8223266601562,0.9999163150787354,662.753662109375,707.47314453125,0.9990088939666748
199,531.5820922851562,675.55029296875,0.9995089769363403,548.8243408203125,687.3697509765625,0.9957958459854126,564.7218627929688,712.6204833984375,0.9189996719360352,667.4651489257812,636.5040283203125,0.0020467035938054323,602.8634643554688,584.6741333007812,0.999970555305481,633.416259765625,590.45263671875,0.9998338222503662,665.1900024414062,634.1715087890625,0.9999065399169922,662.9341430664062,707.7647094726562,0.9990949630737305
200,534.625244140625,677.5565185546875,0.9997615218162537,551.8845825195312,690.7557373046875,0.9863666892051697,564.9837646484375,714.3448486328125,0.7493247389793396,668.4210205078125,636.1300659179688,0.001550210639834404,602.8634643554688,588.9779052734375,0.9999587535858154,633.416259765625,593.0914306640625,0.9999653100967407,665.4917602539062,636.2821044921875,0.9998164772987366,662.9341430664062,708.1046142578125,0.9997606873512268
201,531.5820922851562,679.5156860351562,0.9901027679443359,547.0074462890625,692.6492309570312,0.6510863304138184,562.9817504882812,715.6458129882812,0.37067297101020813,668.4210205078125,636.1300659179688,0.0010954436147585511,602.9945068359375,590.9345703125,0.9999608993530273,634.177734375,594.4283447265625,0.9999790191650391,666.3579711914062,639.459716796875,0.9998972415924072,661.1386108398438,708.990234375,0.9993719458580017
202,524.701904296875,683.1591796875,0.9992369413375854,546.0,695.569580078125,0.9731630682945251,559.85009765625,717.080078125,0.737255871295929,668.4210205078125,635.857421875,0.001069813035428524,604.4659423828125,592.91845703125,0.9999574422836304,634.37646484375,595.252197265625,0.9999814033508301,666.985595703125,640.5443115234375,0.9998922348022461,662.9341430664062,709.5906372070312,0.9907941222190857
203,524.701904296875,683.1591796875,0.9772102236747742,542.711669921875,707.7825317382812,0.8105475902557373,559.16357421875,717.5598754882812,0.030117657035589218,667.0843505859375,635.857421875,0.0009983329800888896,604.57080078125,594.3682861328125,0.9999860525131226,635.2203369140625,597.8493041992188,0.9999737739562988,667.1802368164062,643.2942504882812,0.9999363422393799,659.0943603515625,710.1796875,0.8856411576271057
204,532.3638305664062,691.0958862304688,0.8537905216217041,542.711669921875,707.7825317382812,0.37944912910461426,559.85009765625,718.6046142578125,0.0034819894935935736,667.0843505859375,653.2843017578125,0.0009530703537166119,605.1773071289062,595.299560546875,0.9999879598617554,635.8876342773438,598.9486694335938,0.9999724626541138,667.3230590820312,644.5529174804688,0.9999618530273438,658.3836669921875,710.5844116210938,0.5840516686439514
205,528.1856079101562,693.8809204101562,0.6484617590904236,542.711669921875,707.7825317382812,0.5290723443031311,559.1018676757812,719.0655517578125,0.005830287467688322,667.0843505859375,653.3412475585938,0.0008218531729653478,605.7822265625,597.545166015625,0.9999809265136719,636.0528564453125,601.4754028320312,0.9998914003372192,667.7347412109375,646.359130859375,0.9999459981918335,659.0943603515625,710.5844116210938,0.08702550083398819
206,528.1856079101562,693.8809204101562,0.9953519105911255,541.1109008789062,713.1482543945312,0.955730140209198,558.3492431640625,719.0655517578125,0.33960533142089844,667.0843505859375,653.2843017578125,0.001025501056574285,605.7822265625,597.9985961914062,0.9999877214431763,636.9918212890625,602.2574462890625,0.999932050704956,667.8745727539062,648.4467163085938,0.9998888969421387,660.5009155273438,710.5844116210938,0.15579932928085327
207,531.1423950195312,691.0958862304688,0.9853142499923706,543.1343383789062,711.9940185546875,0.852743923664093,559.1018676757812,719.184814453125,0.0264753270894289,667.587646484375,653.2843017578125,0.001292777480557561,605.1773071289062,599.5226440429688,0.999976396560669,636.1873779296875,604.9202880859375,0.9999371767044067,667.8745727539062,649.6341552734375,0.9998311996459961,660.5009155273438,710.8316650390625,0.39783239364624023
208,529.8859252929688,693.8809204101562,0.9098609089851379,544.5009155273438,710.8915405273438,0.4021011292934418,559.4979248046875,719.184814453125,0.0031226242426782846,668.1199340820312,653.159423828125,0.0014114361256361008,605.1773071289062,601.9482421875,0.9999327659606934,636.9918212890625,606.3981323242188,0.999936580657959,669.0761108398438,651.576171875,0.9998273253440857,661.1292724609375,711.473388671875,0.24032826721668243
209,529.8859252929688,693.8809204101562,0.9528505802154541,544.5009155273438,710.8915405273438,0.6255150437355042,559.4979248046875,719.184814453125,0.010102186352014542,668.1199340820312,653.1593627929688,0.001292835338972509,605.1546630859375,603.2999267578125,0.9999256134033203,637.2218017578125,607.37548828125,0.9999725818634033,669.0761108398438,652.2057495117188,0.9997971653938293,665.39013671875,711.473388671875,0.44032537937164307
210,530.4276733398438,697.3319702148438,0.8982932567596436,548.260009765625,710.8915405273438,0.43227794766426086,560.3982543945312,719.184814453125,0.0008503561257384717,604.2344970703125,603.6754150390625,0.0013319808058440685,605.1546630859375,603.2999267578125,0.999954104423523,637.3292236328125,608.2774047851562,0.9999752044677734,669.0761108398438,652.5186157226562,0.9997902512550354,665.39013671875,711.473388671875,0.1991909146308899
211,531.1423950195312,689.8966674804688,0.999168872833252,548.2920532226562,710.1787109375,0.8736119270324707,563.1325073242188,716.0904541015625,0.06663943082094193,604.0490112304688,603.619873046875,0.00139903393574059,605.8035888671875,603.3665771484375,0.9999184608459473,637.6151733398438,608.44775390625,0.9999667406082153,669.0761108398438,653.1008911132812,0.999790370464325,665.39013671875,711.7211303710938,0.37760820984840393
212,531.6825561523438,693.0422973632812,0.9777131676673889,548.8590087890625,708.5551147460938,0.8676007986068726,563.1325073242188,716.0904541015625,0.014435391873121262,603.7446899414062,603.619873046875,0.0012336522340774536,605.8280029296875,603.3665771484375,0.9999362230300903,637.9462890625,608.6317138671875,0.9999748468399048,668.9331665039062,653.664794921875,0.9997770190238953,666.0519409179688,711.7211303710938,0.7386680841445923
213,531.781982421875,689.2662963867188,0.9974344372749329,548.8590087890625,708.5551147460938,0.5166327357292175,561.3522338867188,720.5858764648438,0.037732455879449844,603.7446899414062,603.2420043945312,0.0013997096102684736,605.8280029296875,603.2999267578125,0.9999474287033081,638.0678100585938,608.6317138671875,0.9999843835830688,668.9331665039062,654.029052734375,0.9998062252998352,666.9486083984375,711.919921875,0.5448442697525024
214,531.8836669921875,692.5436401367188,0.9933559894561768,548.8590087890625,708.5551147460938,0.9314476251602173,561.3522338867188,720.5858764648438,0.024206725880503654,603.7446899414062,603.4852905273438,0.0012829211773350835,605.8698120117188,602.3696899414062,0.9999758005142212,638.4051513671875,608.6317138671875,0.9999822378158569,669.074462890625,654.0816040039062,0.9997808337211609,667.0484619140625,711.919921875,0.15249691903591156
215,531.8836669921875,692.5436401367188,0.9775984287261963,548.8590087890625,708.4495849609375,0.5810088515281677,561.3522338867188,720.5256958007812,0.009805959649384022,603.8616943359375,603.4039306640625,0.0012091812677681446,605.8897705078125,602.3696899414062,0.999954342842102,638.978759765625,608.4223022460938,0.9999399185180664,669.427490234375,654.3822631835938,0.9998946189880371,667.0484619140625,711.919921875,0.6330150961875916
216,531.8836669921875,692.5436401367188,0.9171939492225647,548.8590087890625,708.4495849609375,0.7867468595504761,561.3522338867188,720.5256958007812,0.014402364380657673,603.875732421875,603.4039306640625,0.0011216234415769577,605.8897705078125,602.3696899414062,0.9999619722366333,639.5955810546875,608.4223022460938,0.9999580383300781,669.427490234375,654.437744140625,0.9997904896736145,667.0484619140625,711.6883544921875,0.9964505434036255
217,531.8836669921875,692.5436401367188,0.9569293260574341,548.9519653320312,708.4495849609375,0.709113597869873,561.96044921875,720.5256958007812,0.0459417924284935,603.875732421875,603.4039306640625,0.0012726415880024433,605.8897705078125,602.3696899414062,0.9999434947967529,639.5955810546875,608.4223022460938,0.9999520778656006,669.4437866210938,655.3602294921875,0.9999058246612549,667.0484619140625,711.6162719726562,0.022841015830636024
218,528.1566772460938,693.4534301757812,0.9733771681785583,548.9519653320312,708.4495849609375,0.5115763545036316,561.96044921875,720.5256958007812,0.03500193729996681,603.875732421875,603.4852905273438,0.001073238323442638,606.1163330078125,602.3696899414062,0.9999264478683472,639.2889404296875,608.8590698242188,0.999953031539917,669.4437866210938,655.1119995117188,0.9997898936271667,666.46142578125,711.6162719726562,0.948625922203064
219,527.2759399414062,702.4841918945312,0.9453113675117493,545.123291015625,710.1563110351562,0.5853390693664551,558.2013549804688,720.7907104492188,0.0015998907620087266,603.875732421875,603.7992553710938,0.0013109116116538644,606.1163330078125,602.6714477539062,0.9999632835388184,639.31005859375,609.0701904296875,0.9999663829803467,669.4437866210938,655.4297485351562,0.9999103546142578,666.1674194335938,712.7446899414062,0.025455955415964127
220,528.1566772460938,702.4841918945312,0.97891765832901,548.9519653320312,710.1563110351562,0.8944704532623291,561.2434692382812,720.7907104492188,0.021038195118308067,603.875732421875,603.7992553710938,0.0014459710801020265,606.78662109375,602.6714477539062,0.9999227523803711,639.31005859375,609.357666015625,0.999980092048645,669.409423828125,655.4297485351562,0.9997751116752625,665.8966064453125,711.6162719726562,0.03377583250403404
221,528.1566772460938,702.4841918945312,0.8837605118751526,540.759033203125,713.3764038085938,0.5549511909484863,556.6114501953125,720.7907104492188,0.0032295805867761374,603.9149169921875,603.7992553710938,0.0008999547571875155,607.2202758789062,602.4789428710938,0.9999839067459106,639.31005859375,609.357666015625,0.9999611377716064,669.409423828125,656.6226806640625,0.9999136924743652,665.0574951171875,712.5217895507812,0.14754973351955414
222,528.343994140625,682.326904296875,0.9866766929626465,540.759033203125,710.1563110351562,0.21657128632068634,556.1824340820312,719.1027221679688,0.0022168622817844152,604.0834350585938,603.7568359375,0.0009469029027968645,607.7406616210938,602.2919311523438,0.9999247789382935,639.3218994140625,609.357666015625,0.9999700784683228,668.9283447265625,656.6226806640625,0.9999392032623291,665.0574951171875,712.5217895507812,0.2270965278148651
223,531.50830078125,681.0457153320312,0.7647206783294678,545.141845703125,697.9840087890625,0.5639833807945251,556.1824340820312,717.0780639648438,0.023801330476999283,604.0834350585938,603.728515625,0.0007978699286468327,608.00244140625,602.4789428710938,0.9999630451202393,639.5587768554688,609.357666015625,0.9999409914016724,668.9283447265625,657.2235717773438,0.9998916387557983,665.8966064453125,711.9246215820312,0.3941468298435211
224,531.50830078125,677.9605102539062,0.7001320719718933,545.141845703125,694.5479736328125,0.09736508131027222,556.1824340820312,716.9761352539062,0.019631529226899147,604.0834350585938,603.59716796875,0.001302934717386961,607.7406616210938,602.2919311523438,0.9999628067016602,639.5587768554688,609.11572265625,0.9999667406082153,668.06494140625,656.6226806640625,0.9998857975006104,665.8966064453125,711.7158813476562,0.12661024928092957
225,528.343994140625,677.9605102539062,0.9936794638633728,531.5467529296875,693.6070556640625,0.7540249824523926,550.6016235351562,715.1328735351562,0.088283970952034,603.9149169921875,603.59716796875,0.0011678437003865838,607.7406616210938,602.2919311523438,0.9999723434448242,639.3218994140625,608.9050903320312,0.999967098236084,667.1690673828125,656.3804321289062,0.9999438524246216,665.0574951171875,711.7158813476562,0.26508286595344543
